0 723 2 41.34573464577434 -0.9917072090918768 1.7770179255332588 7.03830760986494 3.519470579190505 3.367521277089081 3.1159572450681154
0 725 2 -41.51787455982344 -21.56572011986209 2.0017444930891326 13.003908360828586 4.240757446284856 4.102801920833703 -0.05057954416908639
0 727 2 -44.5347094895001 -30.645809300423842 2.0030789123514756 17.538820176206563 3.8413152925209935 4.739072990093647 -0.0356991126793238
0 728 2 -68.68788640909796 -17.267007492758353 0.08490251387039649 6.517582452913594 3.3939731896493575 2.4869494290375203 0.003606646077973119
0 730 2 -14.701064106366049 -32.35877661620832 1.179415170707241 8.067921412031726 4.442745746386956 4.054199661724315 0.13895465031724252
0 733 1 51.815617854865536 -23.56010311239452 2.1171987395210445 4.490767680815069 2.532545911506102 1.9994502369573035 -0.02157249979269693
0 736 1 -4.607637032088997 -29.868033691701424 1.0844143600431606 4.222096365701963 2.272454557469708 2.1884684041423514 0.04609875159878607
1 723 2 42.41023137580898 -0.9671060979042962 1.7770179255332588 7.03830760986494 3.519470579190505 3.367521277089081 3.1159572450681154
1 725 2 -56.86150015013803 -22.695932424412153 2.0017444930891326 13.003908360828586 4.240757446284856 4.102801920833703 0.0008037579695190367
1 727 2 -50.893315195830766 -30.723728535024573 2.0030789123514756 17.538820176206563 3.8413152925209935 4.739072990093647 -0.005587734666241406
1 728 2 -85.22803174932947 -18.039719626373508 0.08490251387039649 6.517582452913594 3.3939731896493575 2.4869494290375203 0.003606646077973119
1 730 2 -21.91979138844786 -32.945723712812395 1.179415170707241 8.067921412031726 4.442745746386956 4.054199661724315 0.17486734693180717
1 733 1 39.19587102871128 -22.592918487996847 2.1171987395210445 4.490767680815069 2.532545911506102 1.9994502369573035 -0.02157249979269693
1 736 1 -10.491049299709982 -30.240464001294306 1.3242426776225937 5.814138881488419 2.951844390578577 3.0841514803893464 0.007633439517493734
2 723 2 43.89494168072294 -0.7456960972162514 1.7770179255332588 7.03830760986494 3.519470579190505 3.367521277089081 3.1159572450681154
2 725 2 -71.29472041635405 -22.12148385593563 2.0017444930891326 13.003908360828586 4.240757446284856 4.102801920833703 0.0398899866059681
2 727 2 -57.41790084555021 -31.582143502814098 2.0030789123514756 17.538820176206563 3.8413152925209935 4.739072990093647 -0.005587734666241406
2 730 2 -28.25783193394875 -32.80989147323784 1.179415170707241 8.067921412031726 4.442745746386956 4.054199661724315 0.16887939454789458
2 733 1 26.890712431855867 -22.465844327452324 2.1171987395210445 4.490767680815069 2.532545911506102 1.9994502369573035 -0.02157249979269693
2 736 1 -17.882812808211384 -30.299632798665115 0.4274322167719564 5.456763902375163 3.0981545540601214 2.595957713879762 0.053059188215404784
3 723 2 45.067816278962184 -0.5422382587461627 1.7770179255332588 7.03830760986494 3.519470579190505 3.367521277089081 3.1159572450681154
3 725 2 -84.53854299920474 -21.882854433625134 2.0017444930891326 13.003908360828586 4.240757446284856 4.102801920833703 0.0398899866059681
3 727 2 -62.78839983974296 -31.807812267269945 2.0030789123514756 17.538820176206563 3.8413152925209935 4.739072990093647 -0.005587734666241406
3 730 2 -34.256201227600286 -32.83686920510269 1.179415170707241 8.067921412031726 4.442745746386956 4.054199661724315 0.12396579907810579
3 733 1 13.649921166670515 -22.676522257303382 0.28109696591987154 4.490767680815069 2.532545911506102 1.9994502369573035 -0.02157249979269693
3 734 2 74.96633589557328 8.161837946894229 0.5654133616081674 8.820530168100952 4.340269260266689 4.263154402820731 1.0239482686003125
3 736 1 -24.569855627718535 -30.20999713940738 0.8958580648574603 6.027976479328915 3.3737452817196405 2.6417546009996347 0.008771704844443118
4 723 2 46.499334992119316 -0.3713602702271595 1.7770179255332588 7.03830760986494 3.519470579190505 3.367521277089081 3.1159572450681154
4 725 2 -97.59670765072089 -22.691723048228763 2.0017444930891326 13.003908360828586 4.240757446284856 4.102801920833703 0.0398899866059681
4 727 2 -69.05267242113779 -31.836728309951944 2.0030789123514756 17.538820176206563 3.8413152925209935 4.739072990093647 -0.005587734666241406
4 730 2 -40.30115240716232 -32.680011432510156 1.179415170707241 8.067921412031726 4.442745746386956 4.054199661724315 0.12396579907810579
4 733 1 1.6176038184836135 -22.64411465416152 0.28109696591987154 4.490767680815069 2.532545911506102 1.9994502369573035 -0.02157249979269693
4 734 2 68.85902846916858 8.00713180434615 0.6492128027849626 8.745929723235434 4.549609254049506 4.819879391273419 1.0239482686003125
4 736 1 -30.215251590470764 -30.215146239050426 0.628185763884278 5.745358716651231 3.1520086625638224 2.212887438825449 0.03894134309703934
5 723 2 47.90844128327089 -0.01713180874182231 1.7770179255332588 7.03830760986494 3.519470579190505 3.367521277089081 3.138175810394835
5 727 2 -75.19089578274651 -32.18594618979103 2.0030789123514756 17.538820176206563 3.8413152925209935 4.739072990093647 -0.005587734666241406
5 730 2 -46.697485388325646 -32.22173194921618 1.179415170707241 8.067921412031726 4.442745746386956 4.054199661724315 0.12396579907810579
5 733 1 -8.298057679903641 -22.876899153146052 0.28109696591987154 4.490767680815069 2.532545911506102 1.9994502369573035 -0.02157249979269693
5 734 2 62.33716631665804 8.408887457469664 0.6492128027849626 8.745929723235434 4.549609254049506 4.819879391273419 1.0239482686003125
6 723 2 49.327100331419615 0.0012115680718151056 1.7770179255332588 7.03830760986494 3.519470579190505 3.367521277089081 -3.117543877720379
6 727 2 -81.95936524328593 -30.933654883844582 2.0030789123514756 17.538820176206563 3.8413152925209935 4.739072990093647 -0.005587734666241406
6 730 2 -53.00525455797856 -32.47421041694369 1.179415170707241 8.067921412031726 4.442745746386956 4.054199661724315 0.12396579907810579
6 733 1 -21.704527807064544 -22.497611975095282 0.28109696591987154 4.490767680815069 2.532545911506102 1.9994502369573035 -0.02157249979269693
6 734 2 57.02989918580716 9.996373269055788 0.6492128027850763 8.465730599001342 4.42038977045124 4.819879391273647 1.0239482686003125
6 736 1 -42.78830766762075 -29.88720457870423 1.04614321351478 5.868619381156614 3.0809626096142884 2.6924959216965747 0.019434550128186068
7 723 2 50.58809262924969 0.39452928855964386 1.7770179255332588 7.03830760986494 3.519470579190505 3.367521277089081 -3.117543877720379
7 727 2 -87.20417217546436 -31.543542989780214 2.0030789123514756 17.538820176206563 3.8413152925209935 4.739072990093647 -0.005587734666241406
7 730 2 -58.745031141944736 -32.247944119736964 1.179415170707241 8.067921412031726 4.442745746386956 4.054199661724315 0.12396579907810579
7 733 1 -32.613748858200005 -23.536224942252137 0.28109696591987154 4.490767680815069 2.532545911506102 1.9994502369573035 -0.02157249979269693
7 734 2 50.12876751743369 9.46159667787568 0.6492128027864406 7.547052367047469 3.3890491069204125 4.819879391276375 1.0239482686003125
7 736 1 -48.65485360774272 -30.161830447169947 0.2359660428501016 5.79617313553413 3.359727334606961 2.702283849918434 0.020830320036216765
8 723 2 52.092894372750706 0.3529420739839344 1.7770179255332588 7.03830760986494 3.519470579190505 3.367521277089081 -3.117543877720379
8 727 2 -93.08529688869494 -31.638519483415937 2.0030789123514756 17.538820176206563 3.8413152925209935 4.739072990093647 -0.005587734666241406
8 730 2 -64.81713195622197 -32.376910224631985 1.179415170707241 8.067921412031726 4.442745746386956 4.054199661724315 0.12396579907810579
8 733 1 -46.63193194219424 -22.969045856938017 0.28109696591987154 4.490767680815069 2.532545911506102 1.9994502369573035 -0.02157249979269693
8 734 2 43.96703738958161 9.886487112474237 0.6492128027864406 7.547052367047469 3.3890491069204125 4.819879391276375 1.0239482686003125
8 736 1 -54.07350112327478 -29.990131531751533 1.147884801067221 6.079739521285994 3.315901389845794 3.1916802610114194 -0.010687635799852213
9 723 2 53.8031272048313 0.3940790107812672 1.7770179255332588 7.03830760986494 3.519470579190505 3.367521277089081 -3.117543877720379
9 727 2 -99.03105342179185 -31.86097382792519 2.0030789123514756 17.538820176206563 3.8413152925209935 4.739072990093647 -0.005587734666241406
9 730 2 -70.48404027749761 -33.491004072140726 1.179415170707241 8.067921412031726 4.442745746386956 4.054199661724315 0.12396579907810579
9 733 1 -58.835513744369116 -23.323369804642446 0.28109696591987154 4.490767680815069 2.532545911506102 1.9994502369573035 0.017470150162470555
9 734 2 37.54759944224187 9.013934288922291 0.6492128027864406 7.547052367047469 3.3890491069204125 4.819879391276375 1.0239482686003125
9 736 1 -55.98703758747689 -30.943191786474294 1.147884801067221 6.079739521285994 3.315901389845794 3.1916802610114194 -0.010687635799852213
10 723 2 55.48433098363817 0.5641557539968751 1.7770179255332588 7.03830760986494 3.519470579190505 3.367521277089081 -3.117543877720379
10 727 2 -105.54563865389976 -30.92969867467956 2.0030789123514756 17.538820176206563 3.8413152925209935 4.739072990093647 -0.005587734666241406
10 730 2 -76.7951714696209 -32.45722623337117 1.179415170707241 8.067921412031726 4.442745746386956 4.054199661724315 0.12396579907810579
10 734 2 31.55642101063715 9.528382153991863 0.6492128027864406 7.547052367047469 3.3890491069204125 4.819879391276375 1.0239482686003125
10 736 1 -66.75358820434366 -30.29389577267107 1.147884801067221 6.079739521285994 3.315901389845794 3.1916802610114194 -0.010687635799852213
11 723 2 57.39874833045602 0.7398420795030272 1.7770179255332588 7.03830760986494 3.519470579190505 3.367521277089081 -3.117543877720379
11 727 2 -110.85293445931357 -31.283559605552625 2.0030789123514756 17.538820176206563 3.8413152925209935 4.739072990093647 -0.005587734666241406
11 730 2 -82.45003941136515 -32.40867385282136 1.179415170707241 8.067921412031726 4.442745746386956 4.054199661724315 0.12396579907810579
11 734 2 25.685442941920204 9.350821709794214 0.6492128027864406 7.547052367047469 3.3890491069204125 4.819879391276375 1.0239482686003125
11 736 1 -72.5823147256584 -29.548580889472117 1.147884801067221 6.079739521285994 3.315901389845794 3.1916802610114194 -0.010687635799852213
12 723 2 59.16766255600523 0.4971867847959275 1.7770179255332588 7.03830760986494 3.519470579190505 3.367521277089081 -3.117543877720379
12 730 2 -87.82727325465275 -33.58081985465491 1.179415170707241 8.067921412031726 4.442745746386956 4.054199661724315 0.12396579907810579
12 734 2 20.018136221033586 9.12662501098645 0.6492128027864406 7.547052367047469 3.3890491069204125 4.819879391276375 1.0239482686003125
12 736 1 -78.9032921741058 -32.52967352968916 1.147884801067221 5.703092321868533 3.273124284094804 3.1916802610114194 -0.010687635799852213
13 723 2 61.16417194097881 0.283024452552711 1.7770179255332588 7.03830760986494 3.519470579190505 3.367521277089081 3.1269866603620606
13 730 2 -94.08459375537569 -33.230748047797675 1.179415170707241 8.067921412031726 4.442745746386956 4.054199661724315 0.12396579907810579
13 734 2 13.305615354381917 9.313607555041141 0.6492128027864406 7.547052367047469 3.3890491069204125 4.819879391276375 1.0239482686003125
13 736 1 -85.40230564493426 -32.83617088606423 1.147884801067221 5.703092321868533 3.273124284094804 3.1916802610114194 -0.010687635799852213
14 723 2 62.78850993344568 0.18187791255164976 1.7770179255332588 7.03830760986494 3.519470579190505 3.367521277089081 3.1269866603620606
14 734 2 7.206093459128474 9.687524008706797 0.6492128027864406 7.547052367047469 3.3890491069204125 4.819879391276375 1.0239482686003125
15 723 2 64.38629308196315 0.02950607133183597 1.7770179255332588 7.03830760986494 3.519470579190505 3.367521277089081 3.1269866603620606
15 734 2 1.107505761916769 9.831292734802034 0.6492128027864406 7.547052367047469 3.3890491069204125 4.819879391276375 1.0239482686003125
16 723 2 66.59953359977754 -0.3899217187261182 1.7770179255332588 7.03830760986494 3.519470579190505 3.367521277089081 3.1269866603620606
16 734 2 -5.2741030496613295 9.011553998972254 0.6492128027864406 7.547052367047469 3.3890491069204125 4.819879391276375 1.159931004391729
17 723 2 68.12066723513487 -0.4895607493831276 1.7770179255332588 7.03830760986494 3.519470579190505 3.367521277089081 3.1269866603620606
17 734 2 -10.895635760266016 8.302193093941618 0.6492128027864406 7.547052367047469 3.3890491069204125 4.819879391276375 1.3190853906850717
18 723 2 69.84444081135106 -0.8502256915020654 1.7770179255332588 7.03830760986494 3.519470579190505 3.367521277089081 3.1269866603620606
18 734 2 -17.068182423780286 7.619512210771612 0.6492128027864406 7.547052367047469 3.3890491069204125 4.819879391276375 1.4419206295629667
19 723 2 72.13809961568572 -1.0643753993490561 1.7770179255332588 7.03830760986494 3.519470579190505 3.367521277089081 3.1269866603620606
19 734 2 -23.11507562396793 6.716982204221859 0.6492128027864406 7.547052367047469 3.3890491069204125 4.819879391276375 1.626019100825299
19 741 1 44.40846125573219 -27.93955054527929 -0.20799319229600677 6.005616146222065 3.3287886984352517 3.0303637337492484 0.03812059869820317
20 723 2 73.89106617720344 -1.193207415307566 1.7770179255332588 7.03830760986494 3.519470579190505 3.367521277089081 3.1269866603620606
20 734 2 -28.80294594482473 5.712580333127557 0.6492128027864406 7.547052367047469 3.3890491069204125 4.819879391276375 1.8907743940674995
20 741 1 45.09074991916856 -23.002559263570127 -0.20799319229600677 6.005616146222065 3.3287886984352517 3.0303637337492484 0.03812059869820317
21 723 2 75.69638867194797 -1.2711910073833608 1.7770179255332588 7.03830760986494 3.519470579190505 3.367521277089081 3.1269866603620606
21 734 2 -33.665258600877515 4.206600263586834 0.6492128027864406 7.547052367047469 3.3890491069204125 4.819879391276375 2.1660644941682263
21 741 1 31.976227566090778 -22.57737645473037 -0.20799319229600677 6.005616146222065 3.3287886984352517 3.0303637337492484 0.03812059869820317
22 723 2 77.78891504476785 -1.1211104466589108 1.7770179255332588 7.03830760986494 3.519470579190505 3.367521277089081 3.1269866603620606
22 734 2 -38.71207586232103 3.024794834876706 0.6492128027864406 7.547052367047469 3.3890491069204125 4.819879391276375 2.519054881995137
22 741 1 17.41828155588737 -22.43095562547125 -0.20799319229600677 7.203215198679042 3.7844214382102446 3.0303637337492484 -0.009462504578779729
23 723 2 80.39369442977511 -1.2365783254285496 1.7770179255332588 7.03830760986494 3.519470579190505 3.367521277089081 3.1269866603620606
23 734 2 -42.76176066834991 2.350010120775387 0.6492128027864406 7.547052367047469 3.3890491069204125 4.819879391276375 2.8205503799546174
23 741 1 1.7632312389256355 -22.624162739795842 -0.20799319229600677 7.203215198679042 3.7844214382102446 3.0303637337492484 -0.009462504578779729
24 723 2 82.54072765006852 -0.8808005272110568 1.7770179255332588 7.03830760986494 3.519470579190505 3.367521277089081 -3.02312232640179
24 734 2 -46.232633032715576 2.33909086684765 0.6492128027864406 7.547052367047469 3.3890491069204125 4.819879391276375 2.9938424751894175
24 741 1 -11.937834073766275 -22.52086255927931 -0.20799319229600677 7.203215198679042 3.7844214382102446 3.0303637337492484 -0.009462504578779729
25 723 2 84.61122151500015 0.42427392593026325 1.7770179255332588 7.03830760986494 3.519470579190505 3.367521277089081 -3.02312232640179
25 734 2 -49.64612107490214 1.7993016871091527 0.6492128027864406 7.547052367047469 3.3890491069204125 4.819879391276375 -3.127840446528799
25 741 1 -25.55019957418639 -22.518092307872593 -0.20799319229600677 7.203215198679042 3.7844214382102446 3.0303637337492484 -0.009462504578779729
26 723 2 86.82904160602315 1.2279716287300693 1.7770179255332588 7.03830760986494 3.519470579190505 3.367521277089081 -3.0844976585156063
26 734 2 -52.65993604477162 1.8684162989123658 0.6492128027864406 7.547052367047469 3.3890491069204125 4.819879391276375 -3.127840446528799
26 741 1 -39.77797002513299 -22.383457946468997 -0.20799319229600677 7.203215198679042 3.7844214382102446 3.0303637337492484 -0.009462504578779729
27 723 2 89.69352485762637 1.365345532280489 1.7770179255332588 7.03830760986494 3.519470579190505 3.367521277089081 -3.0844976585156063
27 734 2 -54.93590738376558 1.132641844617344 0.6492128027864406 7.547052367047469 3.3890491069204125 4.819879391276375 -3.1341788990998456
27 741 1 -52.92049737290021 -21.732091362470296 -0.20799319229600677 7.203215198679042 3.7844214382102446 3.0303637337492484 -0.009462504578779729
28 723 2 92.62146039081912 1.5685460532461732 1.7770179255332588 7.03830760986494 3.519470579190505 3.367521277089081 -3.0844976585156063
28 734 2 -56.97400894207392 0.9245922844891055 0.6492128027864406 7.547052367047469 3.3890491069204125 4.819879391276375 -3.1341788990998456
28 741 1 -65.28397783444777 -21.15184103009168 -0.20799319229600677 7.203215198679042 3.7844214382102446 3.0303637337492484 -0.009462504578779729
29 723 2 94.71843031919809 4.105252037022431 1.7770179255332588 7.03830760986494 3.519470579190505 3.367521277089081 -2.945057601424269
29 734 2 -59.03707520114476 0.7439678632043836 0.6492128027864406 7.547052367047469 3.3890491069204125 4.819879391276375 -3.1002935691957276
30 723 2 98.05712004780011 5.30523602188867 1.7770179255332588 7.03830760986494 3.519470579190505 3.367521277089081 -2.945057601424269
30 734 2 -60.76548080400303 0.5886025044427858 0.6492128027864406 7.547052367047469 3.3890491069204125 4.819879391276375 -3.1002935691957276
31 723 2 100.52016978221715 6.510242814885686 1.7770179255332588 7.03830760986494 3.519470579190505 3.367521277089081 -2.90414477164883
31 734 2 -61.73853135659422 0.43646930588929655 0.6492128027864406 7.547052367047469 3.3890491069204125 4.819879391276375 -3.1002935691957276
32 723 2 103.24215307001025 8.7509998034487 1.7770179255332588 7.03830760986494 3.519470579190505 3.367521277089081 -2.7881040224039255
32 734 2 -62.38102939356878 0.4108522014916917 0.6492128027864406 7.547052367047469 3.3890491069204125 4.819879391276375 -3.1169586929096686
33 723 2 105.31547727587831 11.297877041214141 1.7770179255332588 7.03830760986494 3.519470579190505 3.367521277089081 -2.8657916643334715
33 734 2 -62.57123454232699 0.23951426033760548 0.6492128027864406 7.547052367047469 3.3890491069204125 4.819879391276375 -3.1169586929096686
34 734 2 -62.57123454232699 0.23951426033760548 0.6492128027864406 7.547052367047469 3.3890491069204125 4.819879391276375 -3.1169586929096686
35 734 2 -62.627308217212544 0.4337268986385055 0.6492128027864406 7.547052367047469 3.3890491069204125 4.819879391276375 -3.1388131363930314
36 734 2 -62.627308217212544 0.4337268986385055 0.6492128027864406 7.547052367047469 3.3890491069204125 4.819879391276375 -3.1388131363930314
37 734 2 -62.01862645405605 1.041487889413931 0.6492128027864406 7.547052367047469 3.3890491069204125 4.819879391276375 3.1063470301253804
38 734 2 -61.22053138602146 1.5156598014223415 0.6492128027864406 7.547052367047469 3.3890491069204125 4.819879391276375 3.061180029529561
39 734 2 -60.05489390794958 2.017051577026586 0.6492128027864406 7.547052367047469 3.3890491069204125 4.819879391276375 3.084164486971013
40 734 2 -58.94557714522259 2.68596895479266 0.6492128027864406 7.547052367047469 3.3890491069204125 4.819879391276375 3.084164486971013
41 734 2 -57.624477313326715 3.117266467346156 0.6492128027864406 7.547052367047469 3.3890491069204125 4.819879391276375 3.084164486971013
41 742 2 61.035659595255275 -18.112134781489388 2.308495620024353 9.277247789768694 4.460976750470793 3.7986467257925716 0.06927766500773447
42 734 2 -56.4909775961766 3.2264810677878324 1.1270429528433978 7.547052367047601 3.547275069460785 3.8642190911624605 3.084164486971013
42 742 2 50.70358387595608 -19.134820485326685 2.308495620024353 9.277247789768694 4.460976750470793 3.7986467257925716 0.09811582187885404
43 734 2 -55.50513688624091 3.198017354579917 1.1270429528433978 7.547052367047601 3.547275069460785 3.8642190911624605 3.084164486971013
43 742 2 41.66976450023802 -20.059403889930536 2.308495620024353 9.277247789768694 4.460976750470793 3.7986467257925716 0.09811582187885404
44 734 2 -54.37060926029074 3.302073586161296 1.1270429528433978 7.547052367047601 3.547275069460785 3.8642190911624605 3.084164486971013
44 742 2 31.679840931322104 -20.971995781371533 2.308495620024353 9.277247789768694 4.460976750470793 3.7986467257925716 0.09811582187885404
45 734 2 -53.24739851419826 3.2092850151800363 1.1270429528433978 7.547052367047601 3.547275069460785 3.8642190911624605 3.084164486971013
45 742 2 21.55725119070043 -21.68866253026169 2.308495620024353 9.277247789768694 4.460976750470793 3.7986467257925716 0.07180610462593218
46 734 2 -52.50817719049587 3.3078543203963338 1.1270429528433978 7.547052367047601 3.547275069460785 3.8642190911624605 3.084164486971013
46 742 2 14.1583645649475 -21.93660285261566 2.308495620024353 9.277247789768694 4.460976750470793 3.7986467257925716 0.033608132995168294
47 734 2 -51.83328072456685 3.2690535894558037 1.1270429528433978 7.547052367047601 3.547275069460785 3.8642190911624605 3.084164486971013
47 742 2 2.472078901857841 -22.420555584886458 2.308495620024353 9.277247789768694 4.460976750470793 3.7986467257925716 -0.004834457026019923
48 734 2 -51.07240550327416 3.2535234532280857 1.1270429528433978 7.547052367047601 3.547275069460785 3.8642190911624605 3.084164486971013
48 742 2 -8.731581210533388 -22.43408698578789 2.308495620024353 9.277247789768694 4.460976750470793 3.7986467257925716 -0.004834457026019923
49 734 2 -50.22231813237279 3.317505283873911 1.1270429528433978 7.547052367047601 3.547275069460785 3.8642190911624605 3.084164486971013
49 742 2 -22.06898366008356 -21.53809648487798 2.308495620024353 9.277247789768694 4.460976750470793 3.7986467257925716 -0.09284183055376038
50 734 2 -50.02223993556511 3.36242977617699 1.1270429528433978 7.547052367047601 3.547275069460785 3.8642190911624605 3.084164486971013
50 742 2 -33.829292874945324 -19.98077376958587 2.164570582225681 9.277247789768694 4.460976750470793 3.7986467257925716 -0.16534024356518895
51 734 2 -49.62531693619482 3.3960373886224473 1.1270429528433978 7.547052367047601 3.547275069460785 3.8642190911624605 3.084164486971013
51 742 2 -44.41740833080336 -18.724705507546076 2.164570582225681 9.277247789768694 4.460976750470793 3.7986467257925716 -0.16534024356518895
52 734 2 -49.142415181460876 3.4529155957806914 1.1270429528433978 7.547052367047601 3.547275069460785 3.8642190911624605 3.084164486971013
52 742 2 -55.21842523069169 -17.214239303662158 2.164570582225681 9.277247789768694 4.460976750470793 3.7986467257925716 -0.16534024356518895
53 734 2 -48.7319217701129 3.2318203363802342 1.1270429528433978 7.547052367047601 3.547275069460785 3.8642190911624605 3.084164486971013
53 742 2 -66.55759685856363 -14.993836080663145 2.164570582225681 9.277247789768694 4.460976750470793 3.7986467257925716 -0.16534024356518895
54 734 2 -48.12434450189176 3.0263560719739737 1.1270429528433978 7.547052367047601 3.547275069460785 3.8642190911624605 3.0387412075494358
54 742 2 -78.1392384108251 -12.47762227243182 2.164570582225681 9.277247789768694 4.460976750470793 3.7986467257925716 -0.16534024356518895
55 734 2 -47.39013394773204 2.604925707861376 1.1270429528433978 7.547052367047601 3.547275069460785 3.8642190911624605 3.0387412075494358
55 742 2 -88.52608694961788 -10.452605812196502 2.164570582225681 9.277247789768694 4.460976750470793 3.7986467257925716 -0.16534024356518895
56 734 2 -46.38765304224419 2.2710217569177447 1.1270429528433978 7.547052367047601 3.547275069460785 3.8642190911624605 3.0387412075494358
56 742 2 -99.78243329071324 -8.173065628478689 2.164570582225681 9.277247789768694 4.460976750470793 3.7986467257925716 -0.16534024356518895
57 734 2 -45.541466100197766 2.097269931684396 1.1270429528433978 7.547052367047601 3.547275069460785 3.8642190911624605 3.0387412075494358
57 742 2 -108.75881343122693 -5.134718303744346 2.164570582225681 9.277247789768694 4.460976750470793 3.7986467257925716 -0.19350181055308147
58 734 2 -44.13574181621991 2.0279927588873177 1.1270429528433978 7.547052367047601 3.547275069460785 3.8642190911624605 3.0105001303446484
59 734 2 -43.18346814536782 1.7273942945006917 1.1270429528433978 7.547052367047601 3.547275069460785 3.8642190911624605 3.0105001303446484
60 734 2 -41.88173960587102 1.6432843342694587 1.1270429528433978 7.547052367047601 3.547275069460785 3.8642190911624605 3.0105001303446484
61 734 2 -40.19746156174848 1.3628670261582447 1.1270429528433978 7.547052367047601 3.547275069460785 3.8642190911624605 3.0105001303446484
62 734 2 -38.52452589790456 0.9964239740991544 1.1270429528433978 7.547052367047601 3.547275069460785 3.8642190911624605 3.0105001303446484
63 734 2 -36.778913916930726 0.5316845188697712 1.1270429528433978 7.547052367047601 3.547275069460785 3.8642190911624605 3.016707949160114
64 734 2 -35.32889219747237 0.495112944214925 1.1270429528433978 7.547052367047601 3.547275069460785 3.8642190911624605 3.016707949160114
65 734 2 -33.71421622298911 0.37968648632067803 1.1270429528433978 7.547052367047601 3.547275069460785 3.8642190911624605 3.016707949160114
66 734 2 -32.078213681021126 -0.029339835199929776 1.1270429528433978 7.547052367047601 3.547275069460785 3.8642190911624605 3.016707949160114
67 734 2 -30.760609814437256 0.037988836065660225 1.1270429528433978 7.547052367047601 3.547275069460785 3.8642190911624605 3.016707949160114
68 734 2 -29.3858474584836 -0.1345961111983787 1.1270429528433978 7.547052367047601 3.547275069460785 3.8642190911624605 3.016707949160114
69 734 2 -28.018276141999294 -0.3644628232938103 1.1270429528433978 7.547052367047601 3.547275069460785 3.8642190911624605 3.016707949160114
70 734 2 -26.650103901080566 -0.5477114592573648 1.1270429528433978 7.547052367047601 3.547275069460785 3.8642190911624605 3.0851156860231432
71 734 2 -25.78659553598495 -0.7375382623800292 1.1270429528433978 7.547052367047601 3.547275069460785 3.8642190911624605 3.0851156860231432
72 734 2 -24.562723249741662 -1.003510835313467 1.1270429528433978 7.547052367047601 3.547275069460785 3.8642190911624605 3.0733039480204303
73 734 2 -23.59672660082839 -1.4085665339469489 1.1270429528433978 7.547052367047601 3.547275069460785 3.8642190911624605 3.0177538263194332
74 734 2 -22.76917449966134 -1.8975728946825279 1.1270429528433978 7.547052367047601 3.547275069460785 3.8642190911624605 3.0025404170972667
74 756 2 75.79869150669353 -16.60516988416874 1.9977603339046377 7.263276160369267 3.4802687164518007 3.3757966800819643 0.14959566745992237
75 734 2 -21.906529697195122 -2.4282025488880983 1.1270429528433978 7.547052367047601 3.547275069460785 3.8642190911624605 3.0025404170972667
75 756 2 60.56001917841478 -18.73165841729247 1.9977603339046377 7.263276160369267 3.4802687164518007 3.3757966800819643 0.0758659223899687
76 734 2 -20.916964271408172 -2.8887601869352966 1.1270429528433978 7.547052367047601 3.547275069460785 3.8642190911624605 3.0025404170972667
76 756 2 45.376638839976955 -19.885774646895495 1.9977603339046377 7.263276160369267 3.4802687164518007 3.3757966800819643 0.0758659223899687
76 757 1 48.86306469711446 -13.639342699014232 1.2266714821403817 5.913783870105433 3.5881431085798683 2.5948002561575945 0.05708078240626557
76 758 1 67.56906680941451 -11.244509436343629 1.0229188650775285 5.624282434527746 3.543552729269544 2.4184339314845023 0.015871682991790426
77 734 2 -20.03876448488576 -3.5196579784154873 1.1270429528433978 7.547052367047601 3.547275069460785 3.8642190911624605 3.042748619938354
77 756 2 28.524141531866736 -21.263111156350185 1.9977603339046377 7.263276160369267 3.4802687164518007 3.3757966800819643 0.0758659223899687
77 757 1 31.99103475180665 -14.603458695889014 1.2266714821403817 5.913783870105433 3.5881431085798683 2.5948002561575945 0.05708078240626557
77 758 1 50.661061344439645 -12.918936494655817 1.0229188650775285 5.624282434527746 3.543552729269544 2.4184339314845023 0.015871682991790426
78 734 2 -18.7857699658888 -3.9314314843761093 1.1270429528433978 7.547052367047601 3.547275069460785 3.8642190911624605 3.042748619938354
78 756 2 12.12949889016885 -22.326237040382185 1.9977603339046377 7.263276160369267 3.4802687164518007 3.3757966800819643 0.0758659223899687
78 757 1 14.609672473939476 -15.618951926807718 1.2266714821403817 5.913783870105433 3.5881431085798683 2.5948002561575945 0.05708078240626557
78 758 1 33.66656747061824 -14.282714146629907 1.0229188650775285 5.624282434527746 3.543552729269544 2.4184339314845023 0.027107165249752763
79 734 2 -17.492669960980372 -4.257047557192802 1.1270429528433978 7.547052367047601 3.547275069460785 3.8642190911624605 3.076069615816601
79 756 2 0.5488778350540758 -22.603360378059598 1.9977603339046377 7.263276160369267 3.4802687164518007 3.3757966800819643 0.018785139983704013
79 757 1 -1.6727519648896245 -15.624549588617144 1.2266714821403817 5.913783870105433 3.5881431085798683 2.5948002561575945 -0.027462973106732402
79 758 1 17.40759243925364 -14.678612903234892 1.0229188650775285 5.624282434527746 3.543552729269544 2.4184339314845023 0.027107165249752763
80 734 2 -16.065436351552137 -4.576400785223693 1.1270429528433978 7.547052367047601 3.547275069460785 3.8642190911624605 3.1039953152092137
80 756 2 -19.344142920359428 -21.88679613458368 1.9977603339046377 7.263276160369267 3.4802687164518007 3.3757966800819643 -0.023206967237665355
80 757 1 -15.456728495432948 -15.976943486500932 1.2266714821403817 5.913783870105433 3.5881431085798683 2.5948002561575945 -0.027462973106732402
80 758 1 3.222629319481091 -14.968602411471386 1.0229188650775285 5.624282434527746 3.543552729269544 2.4184339314845023 0.027107165249752763
81 734 2 -14.35583064552666 -4.413626443832581 1.1270429528433978 7.547052367047601 3.547275069460785 3.8642190911624605 3.115168034647953
81 756 2 -37.16033673647451 -21.122043578401946 1.9977603339046377 7.263276160369267 3.4802687164518007 3.3757966800819643 -0.023206967237665355
81 757 1 -35.21029730715826 -13.741385058130735 1.2266714821403817 5.913783870105433 3.5881431085798683 2.5948002561575945 -0.027462973106732402
81 758 1 -14.464392214419089 -14.742771971296326 1.0229188650775285 5.624282434527746 3.543552729269544 2.4184339314845023 0.027107165249752763
82 734 2 -14.35583064552666 -4.413626443832581 1.1270429528433978 7.547052367047601 3.547275069460785 3.8642190911624605 3.115168034647953
82 756 2 -37.16033673647451 -21.122043578401946 1.9977603339046377 7.263276160369267 3.4802687164518007 3.3757966800819643 -0.023206967237665355
82 757 1 -35.21029730715826 -13.741385058130735 1.2266714821403817 5.913783870105433 3.5881431085798683 2.5948002561575945 -0.027462973106732402
82 758 1 -14.464392214419089 -14.742771971296326 1.0229188650775285 5.624282434527746 3.543552729269544 2.4184339314845023 0.027107165249752763
83 734 2 -11.111377867339849 -4.344968494613145 1.1270429528433978 7.547052367047601 3.547275069460785 3.8642190911624605 3.115168034647953
84 734 2 -9.19291531619543 -4.367862364440596 1.1270429528433978 7.547052367047601 3.547275069460785 3.8642190911624605 3.115168034647953
85 734 2 -7.469004876582657 -4.385614071944462 1.1270429528433978 7.547052367047601 3.547275069460785 3.8642190911624605 3.115168034647953
86 734 2 -5.618357891033679 -4.5101991136422095 1.1270429528433978 7.547052367047601 3.547275069460785 3.8642190911624605 3.115168034647953
87 734 2 -3.7854786001128877 -4.614268675987413 1.1270429528433978 7.547052367047601 3.547275069460785 3.8642190911624605 3.115168034647953
88 734 2 -2.114885495628159 -4.602819802224583 1.1270429528433978 7.547052367047601 3.547275069460785 3.8642190911624605 3.0875507487664104
89 734 2 -0.15027415403216504 -4.737264393375716 1.1270429528433978 7.547052367047601 3.547275069460785 3.8642190911624605 3.115321385359832
90 734 2 1.849246320417953 -4.845427606934853 1.1270429528433978 7.547052367047601 3.547275069460785 3.8642190911624605 3.115321385359832
90 759 1 68.7961484048702 -20.115660652118247 1.0555896660946855 4.529300050421056 2.4471559276081645 2.332224160919551 0.042541321773701846
91 734 2 3.7982959721649903 -4.757590430176454 1.1270429528433978 7.547052367047601 3.547275069460785 3.8642190911624605 3.115321385359832
91 759 1 56.14314193167584 -20.82291963358594 1.0555896660946855 4.529300050421056 2.4471559276081645 2.332224160919551 0.042541321773701846
92 734 2 8.695319148137678 -4.855455983405399 1.1270429528433978 7.547052367047601 3.547275069460785 3.8642190911624605 -3.1246809074826247
92 759 1 45.32384404447533 -20.28731273581061 1.0555896660946855 4.529300050421056 2.4471559276081645 2.332224160919551 0.042541321773701846
93 734 2 10.738619744305533 -4.516310373098744 1.1270429528433978 7.547052367047601 3.547275069460785 3.8642190911624605 -3.1246809074826247
93 759 1 30.31604500060116 -21.144635350603544 1.0555896660946855 4.529300050421056 2.4471559276081645 2.332224160919551 0.0022405734699204594
94 734 2 11.846826778502649 -4.552946240074933 1.1270429528433978 7.547052367047601 3.547275069460785 3.8642190911624605 -3.1246809074826247
94 759 1 18.05979274423688 -21.207725481408342 1.0555896660946855 4.529300050421056 2.4471559276081645 2.332224160919551 0.0022405734699204594
95 734 2 13.781310315337914 -4.355493289852086 1.1270429528433978 7.547052367047601 3.547275069460785 3.8642190911624605 -3.1078285704412822
95 759 1 3.721449120844347 -21.615787248320977 1.0555896660946855 4.529300050421056 2.4471559276081645 2.332224160919551 0.0022405734699204594
96 734 2 15.596050670184981 -4.377919237524616 1.1270429528433978 7.547052367047601 3.547275069460785 3.8642190911624605 -3.1078285704412822
96 759 1 -9.742934370661661 -21.458433917109723 1.0555896660946855 4.529300050421056 2.4471559276081645 2.332224160919551 0.0022405734699204594
97 734 2 17.23788795175773 -4.238740745269517 1.1270429528433978 7.547052367047601 3.547275069460785 3.8642190911624605 -3.1078285704412822
97 759 1 -21.93626995450992 -21.638813521668716 1.0555896660946855 4.529300050421056 2.4471559276081645 2.332224160919551 0.0022405734699204594
98 734 2 18.862206687798103 -4.407135692895058 1.1270429528433978 7.547052367047601 3.547275069460785 3.8642190911624605 -3.1078285704412822
98 759 1 -35.15831133942819 -21.372700892446254 1.0555896660946855 4.529300050421056 2.4471559276081645 2.332224160919551 -0.0514711558333123
99 734 2 20.423241749407044 -4.354408737277122 1.1270429528433978 7.547052367047601 3.547275069460785 3.8642190911624605 -3.1078285704412822
99 759 1 -49.591859011661924 -20.693437381865937 1.0555896660946855 4.529300050421056 2.4471559276081645 2.332224160919551 -0.0514711558333123
