0 640 2 50.03995157396171 -2.2622266948126724 1.0149680101190253 18.223888108054062 3.46367232184287 2.646596196152545 -3.0408761162834157
0 646 2 12.974185773360233 -22.36740977163906 0.3882366030751187 5.363267200119847 2.2881520987011097 2.116077512602341 0.020748746725489653
0 641 1 -20.86425609753782 -0.696340446552151 1.0161984060302856 4.439104474164558 1.8851473163495416 1.4612517483543497 -3.128526067845198
0 643 2 -42.40128051930661 -0.07595145535913095 1.8023668200398617 8.45646475748154 2.5745624743937885 3.1563870679304147 3.1336471506936805
0 644 2 64.07732215811455 -23.64344220341816 0.47446413077702 10.395168246069186 2.9476828714439183 3.014623410292593 0.04531177927273444
0 642 1 29.385687467770957 -17.872958139301133 0.4197798367103275 4.575869182819642 1.9586096804874589 1.9870623370196674 -0.008927211602218543
1 640 2 50.69793604296614 -1.4520530494181427 1.0149680101190253 18.223888108054062 3.46367232184287 2.646596196152545 -3.029512969019125
1 646 2 -0.22014674402668372 -22.24367240381668 0.6215400281010303 5.489625140947401 2.103955695633201 2.1331266659846317 0.054443854071506426
1 641 1 -20.607153564217285 -0.7098518740811788 0.9517093050988745 4.4414425307814565 1.8633728176270221 1.4612517483543497 -3.128526067845198
1 643 2 -41.82575386456481 -0.20710335263160762 1.8023668200398617 8.093364609653078 2.91201359868904 3.1563870679304147 3.1336471506936805
1 644 2 56.96270612061359 -24.068738124103813 1.7215794814731051 10.191776526059172 3.3553726211664414 3.0189756243985615 0.12967457317439313
1 642 1 14.879465182083274 -18.03573562052184 0.30518363000025983 4.290595359566826 1.9403790528960767 1.6932059465007658 -0.008927211602218543
2 640 2 51.326519967761776 -0.9893983478181461 1.0149680101190253 18.223888108054062 3.46367232184287 2.646596196152545 -2.985552065582482
2 646 2 -12.989552469883643 -22.542761872377675 0.6215400280992681 6.142016351785243 2.282952434407604 2.1331266659811075 -0.002818317775903134
2 641 1 -20.56173802254821 -0.7043707504305576 0.9517093050988745 4.414862773319365 2.0268920786663314 1.4612517483543497 -3.128526067845198
2 643 2 -41.67888219909628 -0.2829833609109712 1.8023668200398617 8.461444059301273 2.3393831454691965 3.1563870679304147 3.1336471506936805
2 644 2 50.13350220710186 -24.90340364907838 1.7215794814731051 10.284486833389812 4.829362338838868 3.0189756243985615 0.07799648869196374
2 642 1 1.3966850294215378 -18.027045512811668 0.3519197523010432 4.208489983932238 1.9279792170252643 1.8513421682010989 -0.008927211602218543
3 640 2 52.19449602288771 -0.21088934684348848 1.0149680101190253 18.223888108054062 3.46367232184287 2.646596196152545 -2.964681928571646
3 646 2 -27.72429787249384 -22.42544639013119 0.6382549391699214 5.8792642031216955 2.634135700255786 2.166556488122414 0.002706487889770237
3 641 1 -20.464976028181262 -0.4749446751394548 0.9517093050988745 4.282135466746429 1.8491109036846138 1.4612517483543497 -3.128526067845198
3 643 2 -41.277892994691214 0.04337562288001984 1.8023668200398617 8.102189541943774 2.8132848107655817 3.1563870679304147 3.1336471506936805
3 644 2 42.59465622861509 -23.581027133687456 1.7215794814731051 9.034880206880205 3.225540363941973 3.0189756243985615 0.07799648869196374
3 642 1 -13.846316328716624 -17.738959470379683 0.3519197523010432 4.167948702084471 1.9856348161678512 1.8513421682010989 -0.008927211602218543
4 640 2 52.60093249053167 0.5506435388156861 1.0149680101190253 18.223888108054062 3.46367232184287 2.646596196152545 -2.942463363244927
4 646 2 -41.45936125331681 -22.860442108285483 0.6382549391699214 6.1155380235335 2.805708558539835 2.166556488122414 0.002706487889770237
4 641 1 -20.28030195008894 -0.23824215733258186 0.9517093050988745 4.392162492428995 1.8926213934133105 1.4612517483543497 -3.128526067845198
4 643 2 -40.93885737078934 -0.2547518363082777 1.5841388726111563 8.438287974913727 2.612487749599958 3.1563870679304147 3.1336471506936805
4 644 2 35.53863078473739 -23.98366496664969 0.7590742448646619 9.66114729378505 2.8370488342997007 3.0189756243985615 0.09484882573330689
4 642 1 -27.143191800676455 -16.987913698528075 0.3519197523010432 4.476493437141977 2.0180552620218375 1.8513421682010989 -0.008927211602218543
5 640 2 53.31500332578966 1.1080215749580058 1.0149680101190253 18.223888108054062 3.46367232184287 2.646596196152545 -2.9368454448199715
5 646 2 -55.58808014930839 -21.87272915056599 0.3758637105803726 6.081099174781061 2.5088784811979323 2.166556488122414 0.002706487889770237
5 641 1 -19.932184373590275 0.1118171384151368 0.9517093050988745 4.375362930589511 1.7921666716356004 1.4612517483543497 -3.128526067845198
5 643 2 -40.48829922788699 0.23261918444722718 0.38650251563077775 8.295700571409519 2.8521376646441174 3.1563870679304147 -3.138302674227943
5 644 2 28.238485592314827 -24.505918693770496 0.12114298878932495 9.47122200287481 2.8023298853302627 3.0189756243985615 0.09484882573330689
5 642 1 -42.215878223549716 -16.50676149255448 0.3519197523010432 4.593639308263952 2.2382403295551434 1.8513421682010989 -0.008927211602218543
6 640 2 54.02282700663186 2.1884525001280584 1.0149680101190253 18.223888108054062 3.46367232184287 2.646596196152545 -2.9266417173260173
6 641 1 -19.674859698485957 0.13588486910678227 0.9517093050988745 4.241531371972869 1.9408810060260901 1.4612517483543497 -3.0994644847363846
6 643 2 -40.213613140505466 0.6112104294312721 1.0036741355014085 8.532174302138996 2.660512400087562 3.1563870679304147 -3.138302674227943
6 644 2 21.416048698138408 -24.652378026901097 1.3434578853188428 10.269293575608112 2.6847326200386172 3.0189756243985615 0.09484882573330689
6 642 1 -57.24855108909853 -14.429174227571906 0.3519197523010432 4.559201288201901 1.9810429747931853 1.8513421682010989 -0.008927211602218543
6 654 1 44.88487295390976 -14.446764103582204 0.592195641636684 4.159075107464818 1.8807463565510383 1.3032897428292847 0.03298715981663802
7 640 2 54.608980273487454 2.347999280531748 1.0149680101190253 18.223888108054062 3.46367232184287 2.646596196152545 -2.875838013267795
7 641 1 -19.43345764694245 0.3752786596013658 0.9517093050988745 3.9288148093191806 1.7293027162130268 1.4612517483543497 -3.051592168216057
7 643 2 -39.65494610936518 1.3049911692335259 1.6471348963995813 8.443627210295944 2.631204409280581 3.1563870679304147 -3.138302674227943
7 644 2 13.859154267678479 -25.119011424004807 2.14566551639986 10.728423375346816 2.7102563544558183 3.0189756243985615 0.045827154845622164
7 642 1 -71.09998826173734 -13.827774248862067 0.3519197523010432 4.578760831222645 2.1287444059835865 1.8513421682010989 -0.008927211602218543
7 654 1 32.284009493437686 -16.24901037183885 0.592195641636684 4.0621938786080705 1.664082253802597 1.3032897428292847 0.03298715981663802
8 640 2 55.19595086162564 2.9055468083685865 1.0149680101190253 18.223888108054062 3.46367232184287 2.646596196152545 -2.875838013267795
8 641 1 -19.12299782248064 0.40969119656366654 0.9517093050988745 4.112930735884025 1.8842607780821523 1.4612517483543497 -3.038276267826207
8 643 2 -39.39165102176512 2.1237784155983723 1.8023668200398617 8.386769407557052 2.495657045370896 3.1563870679304147 3.1115616370733954
8 644 2 6.135361863582983 -25.341678738434812 2.038213104688295 10.518167626384482 2.7697115526059224 3.652242870828942 0.015067628775153219
8 654 1 19.028176882376894 -17.654761468738364 0.592195641636684 4.653646321277765 2.1055849441440113 1.3032897428292847 0.03298715981663802
9 640 2 55.81879336916008 3.0750801410219313 1.0149680101190253 18.223888108054062 3.46367232184287 2.646596196152545 -2.875838013267795
9 641 1 -19.022199175481507 0.327831576361135 0.9517093050988745 4.112930735884025 1.8842607780821523 1.4612517483543497 -3.038276267826207
9 643 2 -39.01631080285855 2.547632330021999 1.8023668200398617 8.386769407557052 2.495657045370896 3.1563870679304147 3.1115616370733954
9 644 2 -2.469315363691071 -25.532842109726197 2.038213104688295 10.518167626384482 2.7697115526059224 3.652242870828942 -0.0026934786659968957
9 654 1 3.6921363022840277 -18.396341572060905 0.592195641636684 4.653646321277765 2.1055849441440113 1.3032897428292847 0.03298715981663802
10 640 2 56.19801990944604 3.457369998374625 1.0149680101190253 18.223888108054062 3.46367232184287 2.646596196152545 -2.875838013267795
10 641 1 -19.022040614929942 0.7355195452767096 0.9517093050988745 4.3300846974138 1.8504343861682755 1.4612517483543497 3.1235326258989797
10 643 2 -39.102564980556004 2.550943806055942 0.29853054586716055 8.308826673834572 2.4814009755079987 3.1563870679304147 3.1115616370733954
10 644 2 -9.833990979273318 -25.155229613999424 -0.18828631196078716 10.332106298385618 2.427234490259734 3.652242870828942 -0.02346274589345998
10 654 1 -10.85468570608144 -18.246753667735042 0.22204237065927995 4.4377383381543645 1.9898936063717467 1.3032897428292847 -0.058345491542806105
11 640 2 56.45783736576545 3.528090475408854 0.005204371068371572 18.223888108054062 3.46367232184287 2.646596196152545 -2.875838013267795
11 641 1 -18.799748583812026 0.7315045085093819 0.8723063451199395 4.3300846974138 1.8504343861682755 1.4612517483543497 3.1235326258989797
11 643 2 -38.76902894503953 2.479893386997757 0.29853054586716055 8.308826673834572 2.4814009755079987 3.1563870679304147 3.1115616370733954
11 644 2 -17.01512177605627 -24.986709642360786 1.4373644138236252 10.332106298385618 2.427234490259734 3.652242870828942 -0.02346274589345998
11 654 1 -24.7949519072491 -16.896323469943876 0.5791934145404163 4.4377383381543645 1.9898936063717467 1.3032897428292847 -0.14022621608691166
12 640 2 57.40553249062506 2.8882705833457325 0.005204371068371572 18.223888108054062 3.46367232184287 2.646596196152545 -2.9288693182947116
12 641 1 -18.89501659714831 0.7332252385527467 0.8723063451199395 4.3300846974138 1.8504343861682755 1.4612517483543497 3.1235326258989797
12 643 2 -38.76902894503953 2.479893386997757 0.29853054586716055 8.308826673834572 2.4814009755079987 3.1563870679304147 3.1115616370733954
12 644 2 -26.026939057777113 -24.42277702731186 1.4373644138236252 10.332106298385618 2.427234490259734 3.652242870828942 -0.07133034418410533
12 654 1 -39.91948081839947 -14.652985958188983 0.5791934145404163 4.4377383381543645 1.9898936063717467 1.3032897428292847 -0.18670434743791442
13 640 2 57.40553249062506 2.8882705833457325 0.005204371068371572 18.223888108054062 3.46367232184287 2.646596196152545 -2.9288693182947116
13 641 1 -18.89501659714831 0.7332252385527467 0.8723063451199395 4.3300846974138 1.8504343861682755 1.4612517483543497 3.1235326258989797
13 643 2 -38.76902894503953 2.479893386997757 0.29853054586716055 8.308826673834572 2.4814009755079987 3.1563870679304147 3.1115616370733954
13 644 2 -34.184168462017126 -22.685095606082218 1.4373644138236252 10.332106298385618 2.427234490259734 3.652242870828942 -0.1430304277163985
13 654 1 -53.452334119086906 -11.690752108871584 0.5791934145404163 4.4377383381543645 1.9898936063717467 1.3032897428292847 -0.21718271137896017
14 640 2 58.24527190009718 3.8945631744419322 0.005204371068371572 18.223888108054062 3.46367232184287 2.646596196152545 -2.868503191012741
14 641 1 -18.941503450454174 0.7975976124652266 0.8723063451199395 4.3300846974138 1.8504343861682755 1.4612517483543497 3.1235326258989797
14 643 2 -39.01384862799139 2.4567322916381604 0.29853054586716055 8.308826673834572 2.4814009755079987 3.1563870679304147 3.1115616370733954
14 644 2 -41.60130412943023 -21.811331899047 1.4373644138236252 10.332106298385618 2.427234490259734 3.652242870828942 -0.1430304277163985
14 654 1 -68.42786891179477 -8.700483001216371 0.5791934145404163 4.4377383381543645 1.9898936063717467 1.3032897428292847 -0.32128264948855967
15 640 2 58.24527190009718 3.8945631744419322 0.005204371068371572 18.223888108054062 3.46367232184287 2.646596196152545 -2.868503191012741
15 641 1 -18.640108196563265 0.7762706317718197 0.8723063451199395 4.3300846974138 1.8504343861682755 1.4612517483543497 3.1235326258989797
15 643 2 -39.01384862799139 2.4567322916381604 0.29853054586716055 8.308826673834572 2.4814009755079987 3.1563870679304147 3.1115616370733954
15 644 2 -49.67626406879204 -20.142154590972595 1.4373644138236252 10.332106298385618 2.427234490259734 3.652242870828942 -0.16549855630222376
16 640 2 59.35941976071312 4.198453839627189 0.005204371068371572 18.223888108054062 3.46367232184287 2.646596196152545 -2.924623973713917
16 641 1 -18.450432534912444 0.7251951650169361 0.8723063451199395 4.3300846974138 1.8504343861682755 1.4612517483543497 3.1235326258989797
16 643 2 -39.01384862799139 2.4567322916381604 0.29853054586716055 8.308826673834572 2.4814009755079987 3.1563870679304147 3.1115616370733954
16 644 2 -58.02196041897298 -17.223904314188083 1.4373644138236252 10.332106298385618 2.427234490259734 3.652242870828942 -0.17654783038159239
17 640 2 60.02421159940338 3.3774000079504285 0.005204371068371572 18.223888108054062 3.46367232184287 2.646596196152545 -2.924623973713917
17 641 1 -18.102837216056237 0.6236178081882973 0.8723063451199395 4.3300846974138 1.8504343861682755 1.4612517483543497 3.1235326258989797
17 643 2 -38.89978284618898 2.7316177154582135 0.29853054586716055 8.308826673834572 2.4814009755079987 3.1563870679304147 3.04491759220544
17 644 2 -67.89829691152046 -14.393246372065457 1.4373644138236252 10.332106298385618 2.427234490259734 3.652242870828942 -0.17654783038159239
18 640 2 60.58835548017442 3.6399876541053313 0.005204371068371572 18.223888108054062 3.46367232184287 2.646596196152545 -2.924623973713917
18 641 1 -17.85022312219571 0.5396391836257438 0.8723063451199395 4.3300846974138 1.8504343861682755 1.4612517483543497 3.1235326258989797
18 643 2 -38.785431751220095 2.6271679805755013 0.29853054586716055 8.308826673834572 2.4814009755079987 3.1563870679304147 3.04491759220544
18 644 2 -73.00403135284485 -14.305544331510182 1.4373644138236252 10.332106298385618 2.427234490259734 3.652242870828942 -0.2270666071039973
19 640 2 60.8374717133879 3.7640167651013003 0.005204371068371572 18.223888108054062 3.46367232184287 2.646596196152545 -2.924623973713917
19 641 1 -17.660547460544883 0.4885637168708591 0.8723063451199395 4.3300846974138 1.8504343861682755 1.4612517483543497 3.1235326258989797
19 643 2 -38.66809083006624 2.5535483890737356 0.29853054586716055 8.308826673834572 2.4814009755079987 3.1563870679304147 3.04491759220544
19 644 2 -79.58091871591857 -12.772905877892972 1.4373644138236252 10.332106298385618 2.427234490259734 3.652242870828942 -0.3007963521739512
20 640 2 61.62061496782494 3.6601947735174805 0.005204371068371572 18.223888108054062 3.46367232184287 2.646596196152545 -2.924623973713917
20 641 1 -17.471445375575193 0.40573224567055965 0.8723063451199395 4.3300846974138 1.8504343861682755 1.4612517483543497 3.1235326258989797
20 643 2 -38.550749908912394 2.4799287975719744 0.29853054586716055 8.308826673834572 2.4814009755079987 3.1563870679304147 3.0223225681187413
20 644 2 -87.34453688329266 -9.919573268390044 1.4373644138236252 10.332106298385618 2.427234490259734 3.652242870828942 -0.36272156035200753
21 640 2 61.62061496782494 3.6601947735174805 0.005204371068371572 18.223888108054062 3.46367232184287 2.646596196152545 -2.924623973713917
21 641 1 -17.267612441745044 0.25910197723886297 0.8723063451199395 4.3300846974138 1.8504343861682755 1.4612517483543497 3.1235326258989797
21 643 2 -38.13944230676353 2.775230548581228 0.29853054586716055 8.308826673834572 2.4814009755079987 3.1563870679304147 3.0223225681187413
22 640 2 62.17022942443302 3.988693834016491 0.005204371068371572 18.223888108054062 3.46367232184287 2.646596196152545 -2.924623973713917
22 641 1 -17.06234556621208 0.19186171992070883 0.8723063451199395 4.3300846974138 1.8504343861682755 1.4612517483543497 3.1235326258989797
22 643 2 -37.810831636872244 2.641870472402155 0.29853054586716055 8.308826673834572 2.4814009755079987 3.1563870679304147 3.0223225681187413
23 640 2 62.17022942443302 3.988693834016491 0.005204371068371572 18.223888108054062 3.46367232184287 2.646596196152545 -2.924623973713917
23 641 1 -17.06234556621208 0.19186171992070883 0.8723063451199395 4.3300846974138 1.8504343861682755 1.4612517483543497 3.1235326258989797
23 643 2 -37.65121087606375 2.4051953272624518 0.29853054586716055 8.308826673834572 2.4814009755079987 3.1563870679304147 2.9945519315253204
24 640 2 62.985455854659136 3.7182769453347877 0.005204371068371572 18.223888108054062 3.46367232184287 2.646596196152545 -2.960690801030097
24 641 1 -16.409913533378212 0.2594934090711638 0.8723063451199395 4.3300846974138 1.8504343861682755 1.4612517483543497 3.1235326258989797
24 643 2 -37.11324748798376 2.1991900101134885 0.29853054586716055 8.308826673834572 2.4814009755079987 3.1563870679304147 2.9945519315253204
25 640 2 62.985455854659136 3.7182769453347877 0.005204371068371572 18.223888108054062 3.46367232184287 2.646596196152545 -2.960690801030097
25 641 1 -15.932977831003985 0.2982725493998984 0.8723063451199395 4.3300846974138 1.8504343861682755 1.4612517483543497 3.1072823481014185
25 643 2 -36.49860826514599 2.2976475764468582 0.29853054586716055 8.308826673834572 2.4814009755079987 3.1563870679304147 2.9945519315253204
26 640 2 63.84890398713148 3.8762028156429107 0.005204371068371572 18.223888108054062 3.46367232184287 2.646596196152545 -2.960690801030097
26 641 1 -15.323776657769368 0.3413333247610555 0.8723063451199395 4.3300846974138 1.8504343861682755 1.4612517483543497 3.1072823481014185
26 643 2 -35.92860459737621 2.3079703057045085 0.29853054586716055 8.308826673834572 2.4814009755079987 3.1563870679304147 3.011124999637938
27 640 2 64.53818255434567 3.1099398341294306 0.005204371068371572 18.223888108054062 3.46367232184287 2.646596196152545 -2.960690801030097
27 641 1 -14.845656356349943 0.2929370013054713 0.8723063451199395 4.3300846974138 1.8504343861682755 1.4612517483543497 3.1072823481014185
27 643 2 -35.1814780921695 2.4928014401392655 0.29853054586716055 8.308826673834572 2.4814009755079987 3.1563870679304147 3.011124999637938
28 640 2 65.39027395129006 2.5793785455652842 0.005204371068371572 18.223888108054062 3.46367232184287 2.646596196152545 -2.960690801030097
28 641 1 -14.208345382591899 0.22308393813995253 0.8723063451199395 4.3300846974138 1.8504343861682755 1.4612517483543497 3.1072823481014185
28 643 2 -34.50173616388643 2.4036104663573914 0.29853054586716055 8.308826673834572 2.4814009755079987 3.1563870679304147 3.011124999637938
29 640 2 66.70809036636912 1.3789480181046008 0.005204371068371572 18.223888108054062 3.46367232184287 2.646596196152545 -2.960690801030097
29 641 1 -13.47683588799926 0.10201948153034882 0.8723063451199395 4.3300846974138 1.8504343861682755 1.4612517483543497 3.1072823481014185
29 643 2 -33.4011872064724 2.382834483429877 0.29853054586716055 8.308826673834572 2.4814009755079987 3.1563870679304147 3.0452027112249462
30 640 2 67.93439999825334 1.0541137669860952 0.005204371068371572 18.223888108054062 3.46367232184287 2.646596196152545 -2.960690801030097
30 641 1 -12.794344649236418 -0.04934791321697904 0.8723063451199395 4.3300846974138 1.8504343861682755 1.4612517483543497 3.1072823481014185
30 643 2 -32.52800444691411 2.080584386385921 0.29853054586716055 8.308826673834572 2.4814009755079987 3.1563870679304147 3.0452027112249462
31 640 2 69.6541602755211 0.6138513634891019 0.005204371068371572 18.223888108054062 3.46367232184287 2.646596196152545 -3.0200803372224585
31 641 1 -12.45039537175705 -0.3178168687500719 0.8723063451199395 4.3300846974138 1.8504343861682755 1.4612517483543497 3.1237643719364203
31 643 2 -31.679689219616243 1.842973699353611 0.29853054586716055 8.308826673834572 2.4814009755079987 3.1563870679304147 3.0452027112249462
32 640 2 71.00495221937393 -0.44294101453171164 0.005204371068371572 18.223888108054062 3.46367232184287 2.646596196152545 -3.0200803372224585
32 641 1 -12.24654765643773 -0.46438609501312555 0.8723063451199395 4.3300846974138 1.8504343861682755 1.4612517483543497 3.1237643719364203
32 643 2 -30.66428358416692 1.4025021749918771 0.29853054586716055 8.308826673834572 2.4814009755079987 3.1563870679304147 3.0452027112249462
33 640 2 72.73137253451233 -1.8702922430372884 1.212592892136496 18.223888108054062 3.46367232184287 2.646596196152545 -3.068690661504344
33 641 1 -12.247963066508635 -0.5437689617234982 0.8723063451199395 4.3300846974138 1.8504343861682755 1.4612517483543497 -3.1370782850430294
33 643 2 -29.877268274702864 1.1750607495873338 0.29853054586716055 8.308826673834572 2.4814009755079987 3.1563870679304147 3.0679260720665873
34 640 2 74.95369577547443 -1.9097601747930126 1.212592892136496 18.223888108054062 3.46367232184287 2.646596196152545 -3.068690661504344
34 641 1 -12.405451422365187 -0.6392315141903977 0.8723063451199395 4.3300846974138 1.8504343861682755 1.4612517483543497 -3.1370782850430294
34 643 2 -29.143966728467333 1.059121511501563 0.29853054586716055 8.308826673834572 2.4814009755079987 3.1563870679304147 3.0679260720665873
35 640 2 76.5836997261148 -2.1269975903998786 1.212592892136496 18.223888108054062 3.46367232184287 2.646596196152545 -3.068690661504344
35 641 1 -12.563042186631657 -0.7506590339733529 0.8723063451199395 4.3300846974138 1.8504343861682755 1.4612517483543497 3.1351184534538232
35 643 2 -28.795466832888682 0.7552054705852375 0.29853054586716055 8.308826673834572 2.4814009755079987 3.1563870679304147 3.0679260720665873
36 640 2 78.19911625979437 -2.144611827446102 1.212592892136496 18.223888108054062 3.46367232184287 2.646596196152545 -3.0847320661509876
36 641 1 -12.80064654782037 -0.8599357304377552 0.8723063451199395 4.3300846974138 1.8504343861682755 1.4612517483543497 3.140800210494671
36 643 2 -28.47771024004423 0.45355828936130554 0.29853054586716055 8.308826673834572 2.4814009755079987 3.1563870679304147 3.0679260720665873
37 640 2 80.29976532737028 -2.628437032433527 1.212592892136496 18.223888108054062 3.46367232184287 2.646596196152545 -3.1121976852153588
37 641 1 -12.89538509589158 -1.033296133458645 0.8723063451199395 4.3300846974138 1.8504343861682755 1.4612517483543497 3.140800210494671
37 643 2 -28.428497998057118 0.17402768028595533 0.29853054586716055 8.308826673834572 2.4814009755079987 3.1563870679304147 3.100498652231459
38 640 2 82.30116830145674 -2.636294635927606 1.212592892136496 18.223888108054062 3.46367232184287 2.646596196152545 -3.1121976852153588
38 641 1 -12.990036183614974 -1.0962885743674398 0.8723063451199395 4.3300846974138 1.8504343861682755 1.4612517483543497 3.140800210494671
38 643 2 -28.428497998057118 0.17402768028595533 0.29853054586716055 8.308826673834572 2.4814009755079987 3.1563870679304147 3.100498652231459
39 640 2 83.85490749587662 -3.7408034976607007 1.0149680101190253 17.869840771388013 3.463672321842941 2.646596196152545 -3.1119859462140633
39 641 1 -12.778541705672273 -1.2864788505537816 0.9517093050988745 4.178989468767169 1.8534728069466984 1.4612517483543497 -3.0982337448834647
39 643 2 -28.461019946664216 0.05992390285540766 1.8023668200398617 8.389420624835546 2.4086055825776516 3.1563870679304147 3.0789931529800563
40 640 2 85.94843817189255 -3.7442225001932883 1.0149680101190253 17.869840771388013 3.463672321842941 2.646596196152545 -3.1119859462140633
40 641 1 -12.460554449082617 -1.4149427231208416 0.9517093050988745 4.178989468767169 1.8534728069466984 1.4612517483543497 3.1299928030413318
40 643 2 -28.32992970696579 0.30501692111427026 1.8023668200398617 8.305287049222652 2.220935794394858 3.1563870679304147 3.0789931529800563
41 640 2 87.94251309270699 -5.394416574125322 1.0149680101190253 17.869840771388013 3.463672321842941 2.646596196152545 3.1382442633512246
41 641 1 -11.94396336163866 -1.6961517802065038 0.9517093050988745 4.178989468767169 1.8534728069466984 1.4612517483543497 3.1299928030413318
41 643 2 -28.274788260906448 -0.11274328394703415 1.8023668200398617 8.467622936321774 2.4023835703411525 3.1563870679304147 3.0789931529800563
42 640 2 89.8123893962819 -6.1836369115486605 1.0149680101190253 17.869840771388013 3.463672321842941 2.646596196152545 3.1052891657369264
42 641 1 -11.090389366634291 -2.0118661687881616 0.9517093050988745 4.178989468767169 1.8534728069466984 1.4612517483543497 3.0970377054270335
42 643 2 -27.870846502214924 -0.41752666218211465 1.8023668200398617 8.429679266020504 2.4117941394037037 3.1563870679304147 3.0789931529800563
43 640 2 91.63696277452173 -6.446416982905294 1.0149680101190253 17.869840771388013 3.463672321842941 2.646596196152545 3.0943657550278925
43 641 1 -9.777611717212295 -2.4892286209671592 0.9517093050988745 4.178989468767169 1.8534728069466984 1.4612517483543497 3.0970377054270335
43 643 2 -27.38952238455455 -0.5742043923024454 1.8023668200398617 8.401612541201173 2.5374365872277025 3.1563870679304147 3.0789931529800563
44 641 1 -8.008276261562887 -2.816310796418345 0.9517093050988745 4.178989468767169 1.8534728069466984 1.4612517483543497 3.0970377054270335
44 643 2 -26.63300568192194 -0.9332323479988901 1.8023668200398617 8.401612541201173 2.5374365872277025 3.1563870679304147 3.0789931529800563
45 641 1 -5.941340007281052 -3.079099678627865 0.9517093050988745 4.178989468767169 1.8534728069466984 1.4612517483543497 3.0970377054270335
45 643 2 -26.06466789598279 -1.3116258291108842 1.8023668200398617 8.401612541201173 2.5374365872277025 3.1563870679304147 3.0789931529800563
46 641 1 -3.699296229575246 -3.444746161637129 0.9517093050988745 4.178989468767169 1.8534728069466984 1.4612517483543497 -3.125112395162863
46 643 2 -25.08309670048994 -1.5601171428365725 1.8023668200398617 8.401612541201173 2.5374365872277025 3.1563870679304147 3.0789931529800563
47 641 1 -1.390149960756178 -3.634095226111671 0.9517093050988745 4.178989468767169 1.8534728069466984 1.4612517483543497 3.1231821188216173
47 643 2 -24.201949412383033 -1.9274749208663764 1.8023668200398617 8.401612541201173 2.5374365872277025 3.1563870679304147 3.0625111291450544
48 641 1 1.283844086044997 -3.9427330731090753 0.9517093050988745 4.178989468767169 1.8534728069466984 1.4612517483543497 3.078519102811596
48 643 2 -23.008059300470467 -2.2725976495170963 1.8023668200398617 8.401612541201173 2.5374365872277025 3.1563870679304147 3.0625111291450544
49 641 1 3.9955897303125774 -4.1411025828086405 0.9517093050988745 4.178989468767169 1.8534728069466984 1.4612517483543497 3.1222071336029984
49 643 2 -21.641276149606984 -2.8203361314726836 1.8023668200398617 8.401612541201173 2.5374365872277025 3.1563870679304147 3.0960181369259185
50 641 1 6.894935564546148 -4.216151320429239 0.9517093050988745 4.178989468767169 1.8534728069466984 1.4612517483543497 3.1284570522246975
50 643 2 -20.204085417643494 -3.25791836027823 1.8023668200398617 8.401612541201173 2.5374365872277025 3.1563870679304147 3.0960181369259185
51 641 1 9.619502368631236 -4.129540896378466 0.9517093050988745 4.178989468767169 1.8534728069466984 1.4612517483543497 3.1284570522246975
51 643 2 -18.638825584175937 -3.6057916361196205 1.8023668200398617 8.401612541201173 2.5374365872277025 3.1563870679304147 3.123333745490681
52 641 1 12.311327921153289 -4.180877907004789 0.9517093050988745 4.178989468767169 1.8534728069466984 1.4612517483543497 -3.1327537706582267
52 643 2 -16.97941685062866 -3.6671699568037046 1.8023668200398617 8.401612541201173 2.5374365872277025 3.1563870679304147 3.1180427895722804
53 641 1 15.588170379365167 -4.088964310896593 0.6596303222521909 4.141819361099547 1.7523124494256728 1.90296137944747 -3.117152041740619
53 643 2 -15.073928905670352 -3.7550297245918394 1.7160211670165122 7.711370584793998 2.4404634810257986 3.2115013145410587 3.117272593027743
53 663 1 40.165591329401714 -43.784924788801675 0.6650448599262102 5.879165948505713 2.2801097989181596 2.7805585038941256 -2.0726198235962503
54 641 1 18.95453724574136 -4.028397833853309 0.6596303222521909 4.176975475908207 1.8015368376769625 1.90296137944747 3.137950762334528
54 643 2 -13.174989058665417 -3.8568027970495895 1.7160211670165122 7.711370584793998 2.4404634810257986 3.2115013145410587 3.1334002268713794
54 663 1 36.04083071702814 -43.21478916421844 0.6650448599262102 5.879165948505711 2.2298048010447427 2.7805585038941256 -2.0932419725415694
54 667 4 73.81536798981949 -37.23163602784136 -0.412151931185738 6.876545770958344 2.4930879746197365 3.801118234903199 -0.0015213899531070219
55 641 1 22.075810235144377 -4.161589925799775 0.6596303222521909 4.176975475908207 1.8015368376769625 1.90296137944747 3.137950762334528
55 643 2 -11.487723433482232 -4.011336878176564 1.7160211670165122 7.711370584793998 2.4404634810257986 3.2115013145410587 3.1334002268713794
55 663 1 31.739561470327036 -43.274967037682735 0.6650448599262102 5.879165948505711 2.2298048010447427 2.7805585038941256 -2.0932419725415694
55 667 4 66.40043076714623 -36.437443017616985 -0.009262032662651465 6.851365152300627 2.2727575613648896 3.801118234903199 0.01533094708823568
56 641 1 25.66903677765133 -4.326957005084361 0.6596303222521909 4.176975475908207 1.8015368376769625 1.90296137944747 3.137950762334528
56 643 2 -9.883726012448385 -4.0244778034943725 1.7160211670165122 7.711370584793998 2.4404634810257986 3.2115013145410587 3.1334002268713794
56 663 1 28.34959206774612 -43.25448542397085 0.6650448599262102 5.879165948505711 2.2298048010447427 2.7805585038941256 -2.0932419725415694
56 667 4 59.86695745668629 -36.7101049012176 0.9476014763296889 6.882818420430125 2.234703190980682 3.801118234903199 -0.0060561657634943256
57 641 1 29.044780826129255 -4.960763648219885 0.6487346335396666 4.4126231023078635 1.8294997178658743 1.9247527568725185 3.0878389000219304
57 643 2 -8.149131626194203 -3.9583617524884467 1.7160211670165122 7.9881289272292575 2.260975356506493 3.2115013145410587 -3.1122729428250278
57 663 1 24.9796718207935 -42.74265422661217 0.6650448599262102 5.659591018370756 2.330715931651553 2.7805585038941256 -2.0572962966568897
57 665 1 47.73696639140721 -17.516923648961463 -0.2101206155372427 4.495686972587397 1.8365641405026552 1.6413992328491385 0.0012597883371952001
57 667 4 52.82239075540038 -35.99581211762566 -1.0744914528490137 7.201540789375883 2.4631154507820776 2.7749330413914373 0.10755576596695082
58 641 1 32.45966432485689 -5.275865668794786 0.6487346335396666 4.4126231023078635 1.8294997178658743 1.9247527568725185 3.0878389000219304
58 643 2 -6.656048166984029 -3.8852542412899553 1.7160211670165122 7.9881289272292575 2.260975356506493 3.2115013145410587 -3.1122729428250278
58 663 1 21.02173099863338 -42.608049935126665 0.6650448599262102 5.659591018370756 2.330715931651553 2.7805585038941256 -2.032082404179743
58 665 1 38.27649865652039 -16.910139888197637 -0.3257461142655561 4.473503881451471 1.922946949372525 1.4101482353925117 0.0012597883371952001
58 667 4 45.87012903496493 -36.33593072126817 -0.8275254422308652 7.239889368047757 2.630873033080995 3.268865062627734 0.20277258365026163
59 641 1 35.42433794069601 -5.5433699428984555 0.6487346335396666 4.4126231023078635 1.8294997178658743 1.9247527568725185 -3.1323579473545387
59 643 2 -5.337863548655326 -3.846594370984007 1.7160211670165122 7.9881289272292575 2.260975356506493 3.2115013145410587 -3.1122729428250278
59 663 1 15.341641983981493 -43.10497537384889 0.6650448599262102 5.659591018370756 2.330715931651553 2.7805585038941256 -2.032082404179743
59 665 1 29.783648029792023 -16.411681662195516 -0.15674454033570184 4.5079342529431115 1.9229469493722928 1.7481513832522202 0.0012597883371952001
59 667 4 38.09173375290266 -37.1736475582621 -0.8275254422308652 7.239889368047757 2.630873033080995 3.268865062627734 0.3161059804156656
60 641 1 38.750996970687424 -6.109216495482864 0.6487346335396666 4.4126231023078635 1.8294997178658743 1.9247527568725185 -3.1323579473545387
60 643 2 -4.078264913363454 -3.809652717136098 1.7160211670165122 7.9881289272292575 2.260975356506493 3.2115013145410587 -3.1122729428250278
60 663 1 12.569184263184868 -41.726920934771144 0.6650448599262102 5.659591018370756 2.330715931651553 2.7805585038941256 -2.032082404179743
60 665 1 21.21247683241876 -15.519505203019094 -0.15674454033570184 4.5079342529431115 1.9229469493722928 1.7481513832522202 0.0012597883371952001
60 667 4 33.20265614904675 -37.357140839340815 -0.8275254422308652 7.239889368047757 2.630873033080995 3.268865062627734 0.44793366195204554
61 641 1 41.930770561232606 -6.48293797003987 0.6487346335396666 4.4126231023078635 1.8294997178658743 1.9247527568725185 -3.1323579473545387
61 643 2 -2.784218637179036 -3.9476099041696635 1.7160211670165122 7.9881289272292575 2.260975356506493 3.2115013145410587 -3.1122729428250278
61 663 1 8.460777365244544 -42.95451089258665 0.6650448599262102 5.659591018370756 2.330715931651553 2.7805585038941256 -1.7565322781883905
61 665 1 11.788082196410905 -15.022428785958903 -0.15674454033570184 4.5079342529431115 1.9229469493722928 1.7481513832522202 0.0012597883371952001
61 667 4 26.60505416476184 -38.08089744545475 -0.8275254422308652 7.239889368047757 2.630873033080995 3.268865062627734 0.5532184526980384
62 641 1 45.156567247570315 -7.448466121687082 0.6487346335396666 4.4126231023078635 1.8294997178658743 1.9247527568725185 3.056662229093539
62 643 2 -1.378155044295089 -3.9063727091766536 1.7160211670165122 7.9881289272292575 2.260975356506493 3.2115013145410587 -3.1122729428250278
62 663 1 1.6633610685072773 -42.74287122584802 0.6650448599262102 5.659591018370756 2.330715931651553 2.7805585038941256 -1.9734809013554078
62 665 1 1.0178093557408716 -14.822566761919143 -0.15674454033570184 4.5079342529431115 1.9229469493722928 1.7481513832522202 0.0012597883371952001
62 667 4 18.77449329535997 -39.78690242670465 -0.8275254422308652 7.239889368047757 2.630873033080995 3.268865062627734 0.6595573786907445
63 641 1 48.183194722729894 -8.061546391124441 0.6337174996919053 4.399779608049886 2.0131576744784523 1.9247527568725185 3.0530755040787274
63 643 2 -0.27377314793241125 -3.920075685660496 0.9596712161225955 7.819547632681718 2.5668864547868613 3.2115013145410587 -3.12394969447915
63 665 1 -9.115956575871781 -14.923365310781406 0.5980693854040386 4.483574902892236 2.02888712132392 1.6285416927982772 0.0012597883371952001
63 667 4 13.132764413915357 -40.68750785509576 -0.3710349790488051 7.895916350097533 2.5322091251417715 3.3189036032548795 0.8112471743105822
63 673 1 38.83467328221949 -34.924251133670836 -1.3722212362601405 4.634424512167451 2.1694956264904532 2.9327503362401233 -0.0747799110207954
64 641 1 51.30481455812844 -9.105759866381506 0.6337174996919053 4.399779608049886 2.0131576744784523 1.9247527568725185 2.9143083297080983
64 643 2 0.8630032527214888 -4.014028272698339 1.2009591353763762 7.974293916392193 2.5668864547870447 2.7289254760334973 -3.12394969447915
64 665 1 -22.488303570732334 -16.130136660447484 0.5980693854040386 4.3996309654392975 1.8699294525300223 1.6285416927982772 0.11191700951109107
64 667 4 8.259490189131906 -42.50626022312886 -0.3710349790488051 7.895916350097533 2.5322091251417715 3.3189036032548795 0.8957566823686078
64 673 1 28.347845543662864 -32.07715390398981 -1.3722212362601405 4.634424512167451 2.1694956264904532 2.9327503362401233 -0.04653883381600754
65 641 1 54.45632077637445 -9.568991941350657 0.6337174996919053 4.399779608049886 2.0131576744784523 1.9247527568725185 2.9143083297080983
65 643 2 2.057930226271477 -3.9053700695979137 1.2009591353763762 7.974293916392193 2.5668864547870447 2.7289254760334973 -3.12394969447915
65 665 1 -28.704581384207884 -14.555508482520612 0.5980693854040386 4.3996309654392975 1.8699294525300223 1.6285416927982772 -0.20769969749378703
65 667 4 3.536622220399198 -44.27176222956251 -0.3710349790488051 7.895916350097533 2.5322091251417715 3.3189036032548795 0.9746883974937921
65 673 1 19.471185917375937 -31.949589915105385 -1.3722212362601405 4.634424512167451 2.1694956264904532 2.9327503362401233 0.16948899773160386
66 641 1 57.69766700154699 -9.874564313122105 0.6337174996918484 4.639949410296811 2.0957767944279095 1.9247527568724048 2.914418788751645
66 643 2 3.4040374799286113 -4.540934960325321 1.8037835725930322 7.933501644230409 3.641430790052683 3.2115013145410587 -3.12394969447915
66 665 1 -24.652264960583842 -14.48255645799646 0.48542331951020334 4.409052874594268 1.9809604846117252 1.6285416927982772 0.0012597883371952001
66 667 4 -1.2320487975886398 -47.460153803577846 -0.15608558900065111 8.634922231694697 4.024244805946776 4.2584913903853145 1.117779541038591
66 673 1 12.286138957494277 -33.18625858871039 0.2269907287306016 7.516961572258992 3.928879851124892 4.2731911168199375 0.35945411683901995
67 641 1 60.86279738322125 -10.088262683628447 0.6337174996918484 4.580036624446933 2.1701870452689325 1.9247527568724048 2.914418788751645
67 643 2 4.452251525396699 -4.551551297085249 1.8037835725930322 7.933501644230409 3.641430790052683 3.2115013145410587 -3.12394969447915
67 665 1 -30.150344073682053 -15.20141573837967 0.48542331951020334 4.432068318485297 1.9887031050409136 1.6285416927982772 0.0012597883371952001
67 673 1 3.5166375626041626 -35.00965380567577 0.2269907287306016 7.039964025261319 3.0260047153368603 4.2731911168199375 0.5164838928107525
68 641 1 64.0769754128103 -10.1706315668963 0.6337174996919053 4.407410899892988 2.189775864782365 1.9247527568725185 2.9775531621317333
68 643 2 6.023288811944784 -4.494718820780256 1.8037835725930322 7.933501644230409 3.641430790052683 3.2115013145410587 -3.12394969447915
68 665 1 -34.4483398287285 -15.754829960222127 0.48542331951020334 4.293089345042443 2.024002876250856 1.6285416927982772 0.0012597883371952001
68 676 2 35.23700421367965 -30.64747451507058 -0.06367641546891045 5.924740185824128 3.1761438726974456 3.1126298310229132 -0.027063204966169208
69 641 1 67.01512489089669 -9.825127819179189 0.6337174996903137 4.3331283241915886 1.957451090107996 1.9247527568693352 3.0645423788757116
69 643 2 6.848099570764241 -4.6185987257251915 1.5694268633539503 7.933501644230409 3.641430790052683 3.2115013145410587 3.1089985878410955
69 665 1 -40.126334609366296 -16.02531362672505 0.4854233195090665 4.29635492800517 1.8929719617253546 1.6285416927960035 0.181599432962547
69 676 2 27.476057641384322 -29.709378208427793 -0.06367641546891045 5.924740185824128 3.1761438726974456 3.1126298310229132 -0.08256171021188607
70 641 1 70.1869842274028 -9.191829622218126 0.6337174996899158 4.450053738811031 2.150335072036764 1.9247527568685394 3.0645423788757116
70 643 2 8.663399377484915 -4.677787688718172 1.5694268633539503 7.933501644230409 3.641430790052683 3.2115013145410587 3.1089985878410955
70 665 1 -46.12418477670813 -16.676709063505218 0.4854233195094644 4.443996414154076 1.9513702288195858 1.6285416927967993 0.181599432962547
70 676 2 15.711725325119042 -28.91853356986998 -0.06367641546890782 5.924740185824128 3.1761438726974456 3.1126298310229132 -0.0218628847599327
70 681 1 55.88286335412437 -40.59799542210068 -0.5735954771132711 5.381957587286627 2.2994366475435686 3.5559818805444587 -0.0028778739339079262
70 683 2 82.37593485055136 -36.563489525334134 1.5915517167597304 11.231033917302973 3.9830024092908505 4.198662669898656 -0.05384513303517191
71 641 1 72.99289735267071 -6.781578491282676 -0.5379927799330855 4.176307566461065 1.7823070002931067 1.9247527568725185 3.0980493866565753
71 643 2 10.03010510802456 -4.460794544822033 1.3746526420945984 7.954186782519369 3.7739914860640327 3.6991684857578435 3.1248702708328855
71 665 1 -51.119109467978966 -17.487083320147242 0.48542331951020334 4.417859605545467 1.8502203786327853 1.6285416927982772 0.181599432962547
71 676 2 6.19691926389537 -28.975276342952 -0.06367641546890782 5.924740185824128 3.1761438726974456 3.1126298310229132 0.034894273062161085
71 681 1 34.5588380775495 -36.07986102556453 -1.0622812494021419 5.381957587285659 2.3456080855504267 2.5786103359667174 -0.0028778739339079262
71 683 2 72.69515987127565 -34.475852769694704 1.5915517167597304 11.231033917302973 3.9830024092908505 4.198662669898656 -0.05384513303517191
72 641 1 76.26431490830016 -7.697958904286119 0.24955019489682828 4.3335772292470995 2.0414042120842213 1.9247527568725185 3.0980493866565753
72 643 2 10.820265689464051 -4.3280940874935325 1.3746526420945984 7.954186782519369 3.7739914860640327 3.6991684857578435 3.1248702708328855
72 665 1 -56.14353268153023 -19.14220642907929 0.28301659226152853 4.367379540412715 1.891922566644951 1.628541692796572 0.181599432962547
72 676 2 -3.2104967846480097 -29.35358533030317 -0.06367641546890782 5.924740185824128 3.1761438726974456 3.1126298310229132 0.13064576595792787
73 643 2 12.07380846434231 -4.407424286461881 1.3746526420945984 7.954186782519369 3.7739914860640327 3.6991684857578435 3.1248702708328855
73 665 1 -61.41137656252762 -20.269829539388706 0.1200248627663909 4.207863176256441 1.933270889729392 1.6285416927960035 0.181599432962547
73 676 2 -13.196470195798948 -30.637287236716663 -0.06367641546890782 5.924740185824128 3.1761438726974456 3.1126298310229132 0.2500746919762664
73 683 2 49.81010352399531 -29.519050072379 1.5915517167597304 11.231033917302973 3.9830024092908505 4.198662669898656 -0.05384513303517191
73 681 1 17.391936816519973 -28.573428830032668 -1.8053587839418643 4.290824858579057 1.6185215387157303 1.7985074626890682 0.020086583827883198
74 643 2 12.926710015284412 -4.0131260032037135 1.3746526420945984 7.954186782519369 3.7739914860640327 3.6991684857578435 3.1248702708328855
74 665 1 -67.71047433372178 -21.205978665772303 0.48542331951020334 4.335881425170144 2.051187181941608 1.6285416927982772 0.181599432962547
74 676 2 -21.385753087174656 -32.01667072979656 -0.11200673905607697 5.924740185824128 3.1761438726974456 3.1126298310229132 0.34019139617774474
74 683 2 39.78560638758895 -28.778412875765085 1.5668682481755045 13.915276243095374 4.914249653306348 4.198662669898656 -0.05384513303517191
74 681 1 9.451923011220014 -28.50927719189075 -0.02030084458072423 4.5351794513639065 2.0408970574950995 1.507462686567164 0.01608100202039875
75 643 2 13.916215371664562 -4.175589489867736 1.3746526420945984 7.954186782519369 3.7739914860640327 3.6991684857578435 3.1248702708328855
75 665 1 -73.51887383645919 -21.581622192337626 0.48542331951020334 4.460572442313137 2.1565562025364913 1.6285416927982772 0.181599432962547
75 683 2 27.859163947921687 -28.84787898460673 1.4667456182832554 15.691413720354998 4.54713304174899 4.198662669898656 -0.05384513303517191
75 681 1 -2.6963664367931166 -28.939094736904547 0.30869440582093866 4.317812456785753 2.011425957699779 2.011194029854384 -0.017208446077055406
76 643 2 15.083209429251253 -4.195106230415609 1.3746526420945984 7.954186782519369 3.7739914860640327 3.6991684857578435 3.1248702708328855
76 683 2 17.88608828857454 -28.725647686759377 1.4667456182832554 15.691413720354998 4.54713304174899 4.198662669898656 -0.01386644591188202
76 681 1 -13.349720903013107 -28.950341326213874 0.3856045814061346 4.192521114365048 1.9252724341608656 1.4626865671641789 -0.0021802291036330246
77 643 2 16.10676882220809 -4.066309121196683 1.3746526420945984 7.954186782519369 3.7739914860640327 3.6991684857578435 3.1248702708328855
77 683 2 6.185710910656085 -28.850126284170067 1.4667456182832554 15.691413720354998 4.54713304174899 4.198662669898656 -0.01386644591188202
77 693 2 29.70488808102005 -29.385944806293878 0.9556368954441363 8.75317297081056 3.2677269959470987 2.940294108773059 0.011916032391807274
77 681 1 -23.17046448511067 -29.306473140310594 0.15406996609649826 4.561858543248353 1.9115254511752762 1.509172184769445 0.017097390434897664
78 643 2 17.184774569934675 -4.171886660522449 1.3746526420945984 7.954186782519369 3.7739914860640327 3.6991684857578435 3.1248702708328855
78 683 2 -6.844729761731623 -28.755236417078816 1.4667456182832554 16.38220861513108 4.71873177357248 4.198662669898656 -0.01386644591188202
78 693 2 17.605917433398837 -29.24209344158658 0.8916347918285443 8.75317297081056 3.2677269959470987 2.940294108773059 0.011916032391807274
78 708 1 16.229057733790302 -18.04379483208764 1.0412825548929843 5.429178386467384 2.2353939546746804 2.8686786296913 0.02616288554353252
78 681 1 -36.33634867604404 -28.72357367291576 0.26232064108220854 4.049505661134131 1.7433304636775049 1.5970149253731345 0.01473470590678816
79 643 2 18.191171468854808 -4.159534572235923 -2.634707067881421 7.954186782519369 3.7739914860640327 3.6991684857578435 3.1248702708328855
79 683 2 -17.738881439190763 -28.604163569285593 1.4667456182832554 16.38220861513108 4.71873177357248 4.198662669898656 -0.01386644591188202
79 693 2 7.763671697683831 -29.359379511855316 0.8916347918285443 8.75317297081056 3.2677269959470987 2.940294108773059 -0.023467423732343784
79 708 1 3.080998685066339 -17.912712458717422 0.850885298427101 5.4820927330402425 2.2426309318920916 1.9767282366706753 0.053661631864962756
80 643 2 19.21584230048399 -4.347637340570278 1.3746526420945984 7.954186782519369 3.7739914860640327 3.6991684857578435 -3.108632198622743
80 683 2 -28.4651157424809 -29.414308064898336 1.4667456182832554 16.38220861513108 4.71873177357248 4.198662669898656 -0.008402019427393936
80 693 2 -5.38595624078743 -29.265458754748128 0.8916347918285443 8.75317297081056 3.2677269959470987 2.940294108773059 -0.023467423732343784
80 708 1 -10.572566484386078 -17.69655486507331 1.0760727768757643 5.699967623294765 2.1191647854920204 1.710810798838768 -0.007946377850679864
81 643 2 20.116759786412047 -4.023869712845468 1.3746526420945984 7.954186782519369 3.7739914860640327 3.6991684857578435 -3.108632198622743
81 683 2 -40.536929180965664 -29.073775598434622 1.4667456182832554 16.38220861513108 4.71873177357248 4.198662669898656 -0.008402019427393936
81 693 2 -19.836098211701255 -29.187462662298447 0.8916347918285443 8.75317297081056 3.2677269959470987 2.940294108773059 -0.023467423732343784
81 708 1 -24.372589279539664 -17.69687963702499 1.0760727768745706 5.512785554890278 2.144822244134218 1.7108107988363805 -0.007946377850679864
81 710 2 39.364093822638495 -18.423765602900104 2.2143197893354616 13.365815893630275 4.300954106842449 4.969724246688163 -0.002341762237826339
82 643 2 21.08804833349397 -4.050656445998937 1.3746526420945984 7.954186782519369 3.7739914860640327 3.6991684857578435 -3.108632198622743
82 683 2 -51.95226167187825 -28.858310261761826 1.4667456182832554 16.38220861513108 4.71873177357248 4.198662669898656 -0.008402019427393936
82 693 2 -34.01268601237777 -28.91121984494942 0.8916347918285443 8.75317297081056 3.2677269959470987 2.940294108773059 -0.023467423732343784
82 708 1 -39.251937270221305 -17.420704441373296 1.0760727768757075 5.5271270783840665 1.9485106012695845 1.7108107988386543 -0.007946377850679864
82 710 2 24.71015604940944 -18.49096282091628 1.8353112045079647 13.351100660376787 4.547860703046764 4.479490611236744 -0.002341762237826339
83 643 2 22.264956888480807 -4.070663394796788 1.3746526420945984 7.954186782519369 3.7739914860640327 3.6991684857578435 -3.108632198622743
83 683 2 -61.815061583913476 -29.60439059059332 1.4667456182832554 16.38220861513108 4.71873177357248 4.198662669898656 0.013452424055968137
83 708 1 -52.87393362285512 -18.11418371025531 1.0760727768757075 5.1761203852031965 2.0860704726669965 1.7108107988386543 -0.007946377850679864
83 710 2 11.18828275543332 -18.848392319907582 1.8353112045079647 13.351100660376787 4.547860703046764 4.479490611236744 -0.002341762237826339
83 714 1 31.171328211650323 -17.83262428429753 1.1596538227193314 5.40241786505113 1.9836071446267054 2.7192566291944873 0.02833613503853627
84 643 2 23.69848570008182 -3.8469591832461014 1.3746526420945984 7.954186782519369 3.7739914860640327 3.6991684857578435 -3.108632198622743
84 683 2 -71.93161691183704 -29.808318207390567 1.4667456182832554 16.38220861513108 4.71873177357248 4.198662669898656 0.03554827493981305
84 710 2 -2.031468527373309 -18.754578688831778 1.8353112045079647 13.351100660376787 4.547860703046764 4.479490611236744 -0.002341762237826339
84 714 1 18.073072294398845 -17.99695844928666 1.159653822718706 4.912384070498343 1.9456790063885214 2.7192566291932367 0.02833613503853627
84 715 4 29.59428040902521 7.7788046641882005 0.5803214644762154 0.7601889891983904 0.8176924038502184 1.162697665591427 1.6026231294396958
85 643 2 24.81761422200378 -3.898277500132006 1.3746526420945984 7.954186782519369 3.7739914860640327 3.6991684857578435 -3.108632198622743
85 683 2 -82.18766082263006 -29.38990869844204 1.4667456182832554 16.38220861513108 4.71873177357248 4.198662669898656 0.03554827493981305
85 710 2 -16.330273842158284 -18.575183761864913 1.8353112045079647 13.351100660376787 4.547860703046764 4.479490611236744 -0.002341762237826339
85 714 1 3.455148567751573 -18.25046167177983 1.1596538227200703 5.066672280801294 2.2278675859728123 2.7192566291959652 0.02833613503853627
85 715 4 23.113993516275777 7.5566164204720145 0.645967256366381 0.6075819379427115 0.5864417364535884 1.11909907324098 1.572679120522103
86 643 2 26.02099144196747 -3.829193047776975 1.3746526420945984 7.954186782519369 3.7739914860640327 3.6991684857578435 -3.108632198622743
86 683 2 -90.90745807801474 -29.820497365171732 1.4667456182832554 16.38220861513108 4.71873177357248 4.198662669898656 0.0802112909498347
86 710 2 -30.413489567810146 -18.38190116785077 1.8353112045079647 13.351100660376787 4.547860703046764 4.479490611236744 -0.002341762237826339
86 714 1 -8.8557118842063 -18.223802826228923 1.1596538227193314 5.395556150169703 2.1911403186013167 2.7192566291944873 0.02833613503853627
86 715 4 16.837868801749877 8.11023398434372 0.6747330646838255 0.8908781089285288 0.880298752759801 1.5798390878725521 1.582525994101418
87 643 2 27.51908007098899 -3.77979747604317 1.3746526420945984 7.954186782519369 3.7739914860640327 3.6991684857578435 -3.108632198622743
87 710 2 -45.365727357013945 -18.264005403264434 1.8353112045079647 13.351100660376787 4.547860703046764 4.479490611236744 -0.002341762237826339
87 714 1 -22.403589422567087 -18.175032178630772 1.1596538227193314 5.829792816256119 2.4254105740699634 2.7192566291944873 0.009130813571982976
87 715 4 10.76880710559329 8.01417332234206 0.5439685438526166 0.8397788427453233 0.8802987527599813 1.3183100462101343 1.582525994101418
87 717 2 38.935734641153275 -31.49075326553983 2.3068938050091417 15.294163781908686 4.242461306197711 4.992330425257032 -0.01686174961665876
87 718 1 39.56119761657248 -20.67926205812401 0.3755991409915409 5.546247280916684 2.398113782631692 2.654630690069971 0.03866033076744002
87 719 2 69.17280011684657 -31.20262007331459 1.6203830702672297 6.299912062210249 3.214623350058858 2.9444796834184896 -0.0011544010396404847
88 643 2 29.013294537521578 -3.6129047569351402 1.3746526420945984 7.954186782519369 3.7739914860640327 3.6991684857578435 -3.108632198622743
88 710 2 -59.51668678579138 -17.25813073742532 1.8353112045079647 13.351100660376787 4.547860703046764 4.479490611236744 -0.002341762237826339
88 714 1 -36.500189438487254 -17.98497089418271 0.5078053253393615 4.621512337853245 2.1023186907787976 2.7192566291944873 0.02833613503853627
88 715 4 4.390104629995004 8.354809335636823 0.5439685438526166 0.8397788427453233 0.8802987527599813 1.3183100462101343 1.582525994101418
88 717 2 31.82883090422122 -31.706494427858907 2.3068938050091417 15.294163781908686 4.242461306197711 4.992330425257032 -0.01686174961665876
88 718 1 25.260923149696154 -21.10954985487863 0.8697823696900451 5.249351055985996 1.9725849703393308 2.654630690070767 0.0257734082795249
88 719 2 60.86150274183044 -32.74050214646975 1.6203830702672297 6.299912062210249 3.214623350058858 2.9444796834184896 0.14425323594421613
89 643 2 30.207954891885194 -3.279451722988075 1.3746526420945984 7.954186782519369 3.7739914860640327 3.6991684857578435 -3.108632198622743
89 710 2 -72.6477712075296 -16.997139532062977 1.8353112045079647 13.351100660376787 4.547860703046764 4.479490611236744 0.03568337842334879
89 714 1 -49.72119853491538 -17.884177250565305 1.1596538227195587 5.346693785868426 2.7103652048124793 2.719256629194942 0.02833613503853627
89 715 4 -0.7886133606229525 7.979480010332816 0.5439685438526166 0.8397788427453233 0.8802987527599813 1.3183100462101343 1.582525994101418
89 717 2 25.731231768129117 -31.771462168701593 2.3068938050091417 15.294163781908686 4.242461306197711 4.992330425257032 -0.01686174961665876
89 718 1 12.4594106407911 -21.316494732288056 0.3755991409915409 5.504873506572645 2.0942258398279603 2.654630690069971 -0.0008670928485752238
89 719 2 54.96169639886318 -32.28257982164058 1.6203830702672297 6.299912062210245 3.049617646798616 2.9444796834184896 0.14425323594421613
90 643 2 31.377115121894178 -3.064464377037398 1.3746526420945984 7.954186782519369 3.7739914860640327 3.6991684857578435 -3.108632198622743
90 710 2 -86.37859216727696 -16.79866344164007 1.8353112045079647 13.351100660376787 4.547860703046764 4.479490611236744 0.03568337842334879
90 714 1 -63.589694805317656 -16.920949453471774 1.1596538227193314 5.943187050759157 2.133396800317159 2.7192566291944873 0.02833613503853627
90 715 4 -8.508130684719026 7.97566513997859 0.5439685438526166 0.8397788427453233 0.8802987527599813 1.3183100462101343 1.582525994101418
90 717 2 21.612288550205122 -31.862186981112792 2.3068938050091417 15.294163781908686 4.242461306197711 4.992330425257032 -0.01686174961665876
90 718 1 -0.5399514976704889 -21.214304490285244 0.3755991409915409 6.182603919891598 2.3588260565195673 2.654630690069971 -0.0008670928485752238
90 719 2 49.86527805903289 -31.480589869044167 1.6203830702672297 6.299912062210249 3.214623350058858 2.9444796834184896 0.14425323594421613
91 643 2 32.4923694813272 -2.9982855465490497 1.3746526420945984 7.954186782519369 3.7739914860640327 3.6991684857578435 -3.108632198622743
91 714 1 -76.23977068445333 -17.435588804065215 1.1596538227193314 5.992556058367077 2.231971246418089 2.7192566291944873 0.02833613503853627
91 715 4 -14.60227491183191 7.771067258370477 0.5439685438526166 0.8397788427453233 0.8802987527599813 1.3183100462101343 1.582525994101418
91 717 2 14.844648438921897 -31.859924362583406 2.3068938050091417 15.294163781908686 4.242461306197711 4.992330425257032 -0.01686174961665876
91 718 1 -14.79977115825561 -21.009860099006005 0.3755991409915409 5.463415894063514 2.3434892331637953 2.654630690069971 -0.0008670928485752238
91 719 2 43.38776013365662 -31.35191399879459 1.6203830702672297 6.299912062210249 3.214623350058858 2.9444796834184896 0.14425323594421613
92 643 2 33.52090311015442 -2.4646639173959812 1.3746526420945984 7.954186782519383 3.574098642416454 3.6991684857578435 -3.097604129995932
92 715 4 -20.188463908739358 7.922196009451292 0.5439685438526166 0.8397788427453233 0.8802987527599813 1.3183100462101343 1.582525994101418
92 717 2 8.074179568936463 -32.02540771774369 2.3068938050091417 15.294163781908686 4.242461306197711 4.992330425257032 -0.01686174961665876
92 718 1 -28.56530917538764 -20.770710079142965 0.3755991409915409 5.969670300189137 2.2543118232968826 2.654630690069971 -0.0008670928485752238
92 719 2 36.70112163064312 -31.781338051900253 1.6203830702672297 6.299912062210249 3.214623350058858 2.9444796834184896 0.14425323594421613
92 720 1 48.51139231257681 -32.556037750649956 1.2848591862388192 5.3220560269879265 2.4200001157224524 2.9200998890055443 0.16319616227455325
92 721 2 63.79579359775475 -18.854962174857114 1.9143001256050858 6.6582727292215145 3.737499776974588 3.5412882479107775 -0.015023706028376438
93 643 2 34.5500345264219 -2.3420602557426196 1.3746526420945984 7.954186782519369 3.7739914860640327 3.6991684857578435 -3.097604129995932
93 715 4 -27.5294903917749 7.6954391053066775 0.5439685438526166 0.8397788427453233 0.8802987527599813 1.3183100462101343 1.582525994101418
93 717 2 1.4835318897354672 -32.01682558119852 2.3068938050091417 15.294163781908686 4.242461306197711 4.992330425257032 -0.01686174961665876
93 718 1 -43.21626330482269 -20.288010532317827 0.3755991409915409 5.6843885780395 2.4043069614759274 2.654630690069971 -0.0008670928485752238
93 719 2 30.33777486526959 -31.892854066473703 1.6203830702672297 6.299912062210249 3.214623350058858 2.9444796834184896 0.14425323594421613
93 720 1 40.9297384977187 -32.03738045186719 0.9111278666324172 5.352253218173697 2.313935018227876 3.2025384322859907 0.08775819640301585
93 721 2 46.49616200478725 -18.570597496583904 1.9143001256050858 6.6582727292215145 3.737499776974588 3.5412882479107775 -0.015023706028376438
93 722 2 60.145435051176285 -23.437421043194483 1.704865148977024 10.857784654658449 3.9208903947990863 4.478942549006846 -0.049073014168466766
94 643 2 35.36307122185646 -2.0106934428559704 1.3746526420945984 7.954186782519369 3.7739914860640327 3.6991684857578435 -3.097604129995932
94 715 4 -35.12412532862916 7.34633290088279 0.5439685438526166 0.8397788427453233 0.8802987527599813 1.3183100462101343 1.582525994101418
94 717 2 -5.840432708477641 -31.8373877933055 2.3068938050091417 15.294163781908686 4.242461306197711 4.992330425257032 -0.01686174961665876
94 718 1 -57.123405916199026 -19.74433749983901 0.3755991409915409 5.712957857130933 2.3926428853001127 2.654630690069971 -0.0008670928485752238
94 719 2 23.20210388200693 -31.94413945666314 1.6203830702672297 6.299912062210249 3.214623350058858 2.9444796834184896 0.14425323594421613
94 720 1 35.02748091376036 -29.757351060721668 0.9111278666324172 5.40189736972444 2.148624585308925 3.2025384322859907 -0.026682108867047916
94 721 2 32.66898364758342 -18.833659913599877 1.9143001256050858 6.6582727292215145 3.737499776974588 3.5412882479107775 -0.015023706028376438
94 722 2 46.728668523719854 -22.255587802374396 1.704865148977024 10.857784654658449 3.9208903947990863 4.478942549006846 -0.060371968340022564
95 643 2 36.44551060035519 -1.756142187146707 1.3746526420945984 7.954186782519369 3.7739914860640327 3.6991684857578435 -3.097604129995932
95 717 2 -11.993004249565569 -31.845497290017608 2.3068938050091417 15.294163781908686 4.242461306197711 4.992330425257032 -0.01686174961665876
95 718 1 -69.796073891888 -19.21500800353755 0.3755991409915409 5.615329155797768 2.2935180084471845 2.654630690069971 -0.0008670928485752238
95 719 2 18.01024447369208 -31.81158825968001 1.6203830702672297 6.299912062210249 3.214623350058858 2.9444796834184896 0.14425323594421613
95 720 1 28.27715104737652 -29.710825398010012 0.9111278666324172 4.844267046594846 2.154241066985597 3.2025384322859907 0.026687842114566873
95 721 2 12.900698632132645 -18.797589213156524 1.9143001256050858 6.6582727292215145 3.737499776974588 3.5412882479107775 -0.015023706028376438
95 722 2 31.33991808603257 -22.299736070885768 1.704865148977024 10.857784654658449 3.9208903947990863 4.478942549006846 -0.032906349275650504
96 643 2 37.59993688978927 -1.7940017327919187 1.3746526420945984 7.954186782519369 3.7739914860640327 3.6991684857578435 -3.097604129995932
96 717 2 -18.37018000847367 -31.905750433023304 2.3068938050091417 15.294163781908686 4.242461306197711 4.992330425257032 -0.01686174961665876
96 719 2 10.151712498709072 -32.312718359940234 1.6203830702672297 6.299912062210249 3.214623350058858 2.9444796834184896 0.14425323594421613
96 721 2 -2.6948836271846615 -18.821079728468185 1.9143001256050858 6.6582727292215145 3.737499776974588 3.5412882479107775 -0.015023706028376438
96 722 2 17.499188904170943 -22.4040143512715 1.704865148977024 10.857784654658449 3.9208903947990863 4.478942549006846 -0.032906349275650504
96 720 1 24.280960013602893 -29.609363139808615 0.053560440606334414 5.181012623316503 2.3375299967084855 3.1194029850746268 0.07911305629423682
97 643 2 38.445071439538246 -1.5203379599455429 1.3746526420945984 7.954186782519369 3.7739914860640327 3.6991684857578435 -3.097604129995932
97 717 2 -25.97089247080053 -31.553852073603675 2.3068938050091417 15.294163781908686 4.242461306197711 4.992330425257032 -0.01686174961665876
97 719 2 4.058526857819882 -32.13744882370905 1.6203830702672297 6.299912062210249 3.214623350058858 2.9444796834184896 0.14425323594421613
97 721 2 -21.29745318376308 -18.76310020406077 1.9143001256050858 6.6582727292215145 3.737499776974588 3.5412882479107775 -0.015023706028376438
97 722 2 2.5291455637734717 -22.672887704993602 1.704865148977024 10.857784654658449 3.9208903947990863 4.478942549006846 -0.032906349275650504
97 720 1 14.42351280542456 -30.04769581331851 1.4116663141681496 5.537768328752245 2.2187229502736767 3.4867458777378464 0.03924193332797943
98 643 2 39.386499552230674 -1.4197833072199346 1.3746526420945984 7.954186782519369 3.7739914860640327 3.6991684857578435 -3.097604129995932
98 717 2 -31.013643796730875 -32.0840578827327 2.3068938050091417 15.294163781908686 4.242461306197711 4.992330425257032 -0.01686174961665876
98 719 2 -2.499330700139408 -32.13508010397441 1.6203830702672297 6.299912062210249 3.214623350058858 2.9444796834184896 0.14425323594421613
98 721 2 -37.66439984754717 -18.763308958417728 1.9143001256050858 6.6582727292215145 3.737499776974588 3.5412882479107775 -0.015023706028376438
98 722 2 -12.057462199287931 -22.352691116512005 1.704865148977024 10.857784654658449 3.9208903947990863 4.478942549006846 -0.032906349275650504
98 720 1 8.840718639441917 -29.92825408316834 1.0739952971507734 4.887979865592825 2.2105086488357384 2.2350746268653308 0.036029353045135215
99 643 2 40.61644286512438 -1.1587393829220112 1.3746526420945984 7.954186782519369 3.7739914860640327 3.6991684857578435 -3.097604129995932
99 717 2 -38.04671673731909 -31.23835079791811 2.3068938050091417 15.294163781908686 4.242461306197711 4.992330425257032 -0.01686174961665876
99 719 2 -8.304465325312266 -32.05520176699695 1.6203830702672297 6.299912062210249 3.214623350058858 2.9444796834184896 0.10930243941356355
99 721 2 -53.16327368039756 -17.761529158527047 1.9143001256050858 6.6582727292215145 3.737499776974588 3.5412882479107775 -0.015023706028376438
99 722 2 -27.774757729997667 -22.120904152852894 1.8528316381694232 11.234450481324561 3.9208903947999407 4.183009570622048 -0.032906349275650504
99 720 1 1.4043877388478827 -29.967434184524564 0.8915944695593095 5.41717954254756 2.246030676547525 2.0259544259789717 0.03608681152864901
