0 975 4 -51.50157877348172 3.6643145963222636 1.0079649392253036 2.064711777005957 1.0874643703792373 1.6865671641791047 3.1376832625762976
0 1191 1 -101.30243808127317 -24.985271629410992 -0.7481207640486278 4.402434747395485 2.1491462265083383 1.6843994041489432 -0.006041605248006121
0 977 1 42.409261760524345 -22.15223876644295 0.9928646489918064 4.433786401419766 2.36925688248884 0.6665746548720827 0.00014150649364119694
0 978 1 63.018421838326354 -15.558467801157251 0.7563091250992606 3.917593966207571 2.1590328442732316 1.0365500217779462 -0.00372444210916667
1 975 4 -49.289774848571106 3.5186329075835037 1.6463432133071927 2.058851485889637 1.0874643703779998 1.7800879211755753 3.1376832625762976
1 1191 1 -117.04555663526858 -25.036381278920704 -0.5531669256253038 4.402434747395485 2.1491462265083383 1.6843994041489432 -0.006041605248006121
1 977 1 28.410688413443125 -21.615792094832006 0.9928646489918064 4.433786401419766 2.36925688248884 0.6665746548720827 0.00014150649364119694
1 978 1 47.59389993529264 -15.02433684979448 0.7563091250992606 3.917593966207571 2.1590328442732316 1.0365500217779462 -0.00372444210916667
1 979 1 71.93690794257971 -19.243503776925476 0.802210185450678 4.19097722723208 2.1538052382981387 0.9253731343283578 -0.008278662165932316
2 975 4 -47.44550943588039 3.4203251227378715 0.9403719333243654 2.058851485889637 1.0874643703779998 1.7800879211755753 3.1376832625762976
2 977 1 14.461067787067984 -21.128286456152654 0.9928646489918064 4.433786401419766 2.36925688248884 0.6665746548720827 0.00014150649364119694
2 978 1 32.124915960994066 -14.793383994701509 0.7563091250992606 3.917593966207571 2.1590328442732316 1.0365500217779462 -0.00372444210916667
2 979 1 56.86858117176521 -19.095209139464746 0.802210185450678 4.19097722723208 2.1538052382981387 0.9253731343283578 -0.008278662165932316
3 975 4 -44.99899762659358 3.3184243823789457 1.0673332855129836 2.058851485889637 1.0874643703779998 1.7800879211755753 3.1376832625762976
3 977 1 -0.07869360754375021 -21.60554761575387 0.5073603889052439 4.186592146015186 2.2126644775881332 0.9746991424070877 0.00014150649364119694
3 978 1 15.194243370318443 -14.25530860263833 0.4707988308330271 3.9175939662076735 2.2631719419754472 1.6075706103104133 -0.00372444210916667
3 979 1 40.618018476308045 -18.87912556307556 1.037663905414115 4.19097722723208 2.1538052382981387 0.9253731343283578 -0.008278662165932316
4 975 4 -42.89941818993698 3.044749342568664 1.0327074621888204 2.058851485889637 1.0874643703779998 1.7800879211755753 3.1376832625762976
4 977 1 -14.460760089802884 -21.95893773573576 0.6713258846981356 4.186592146015186 2.2126644775881332 0.9746991424070877 0.00014150649364119694
4 978 1 -0.540687498217445 -13.986672237238707 0.4707988308330271 3.980740422080261 2.1066784057737777 1.6075706103104133 -0.00372444210916667
4 979 1 23.924726931901496 -18.764470485438206 0.8022101854506789 4.19097722723208 2.1538052382981387 0.9253731343283578 -0.008278662165932316
5 975 4 -40.77634767302027 3.0595334675731696 1.2231516478932885 2.057410150838847 1.087464370377958 2.1609762925845115 3.1376832625762976
5 977 1 -28.959944782170055 -22.31234442870501 0.6713258846981356 4.186592146015186 2.2126644775881332 0.9746991424070877 0.00014150649364119694
5 978 1 -15.980555679739235 -13.951481245960899 0.7845924401958418 3.9779566179545536 2.106678405773832 2.2351578290360425 -0.00372444210916667
5 979 1 8.841074969691356 -18.592502772220865 0.6086506723010447 4.222018518014056 2.1538052382971533 1.312492160627626 -0.008278662165932316
6 975 4 -38.96423510370894 3.3869344930181384 1.2231516478932885 2.057410150838847 1.087464370377958 2.1609762925845115 3.1376832625762976
6 977 1 -44.02156205110027 -20.79193756730145 0.6713258846981356 4.186592146015186 2.2126644775881332 0.9746991424070877 0.00014150649364119694
6 978 1 -31.69825852714406 -13.201684830393143 0.7845924401958418 3.9779566179545536 2.106678405773832 2.2351578290360425 -0.00372444210916667
6 979 1 -7.57271438608037 -18.55149489665317 0.6086506723010447 4.222018518014056 2.1538052382971533 1.312492160627626 -0.008278662165932316
6 980 2 109.4308386930726 -22.1051297195531 1.3675070185373857 5.382835022589743 2.0452557454818123 1.3832818012200563 -0.0073221861408745426
7 975 4 -37.07219763458368 3.506411482416201 1.2231516478932885 2.057410150838847 1.087464370377958 2.1609762925845115 3.1376832625762976
7 977 1 -58.263189433846996 -20.41917422162254 0.7166634422681071 4.186592146015186 2.2126644775881332 1.3524968723896877 0.00014150649364119694
7 978 1 -46.881799584788475 -12.721461028575572 0.7845924401958418 3.9779566179545536 2.106678405773832 2.2351578290360425 -0.00372444210916667
7 979 1 -22.586147331713065 -18.403481056337792 0.9644360706180586 4.222018518014056 2.1538052382971533 1.312492160627626 -0.008278662165932316
7 980 2 96.75069022092663 -22.111493086948325 0.8843510878719939 5.382835022589743 2.0452557454818123 1.3832818012200563 -0.0073221861408745426
8 975 4 -34.71916930907901 3.531814457224017 1.2231516478932885 2.057410150838847 1.087464370377958 2.1609762925845115 3.1376832625762976
8 977 1 -72.29376870175976 -21.709461174998424 0.7166634422681071 4.186592146015186 2.2126644775881332 1.3524968723896877 0.00014150649364119694
8 978 1 -62.93464081124294 -12.14880517033723 0.7845924401958418 3.9779566179545536 2.106678405773832 2.2351578290360425 -0.00372444210916667
8 979 1 -38.11941740448954 -18.013964947276023 0.4878318807892407 4.222018518014051 2.153805238297381 1.7438819560869911 -0.008278662165932316
8 980 2 82.76929805969264 -22.069513067969517 0.8843510878719939 5.382835022589743 2.0452557454818123 1.3832818012200563 -0.0073221861408745426
9 975 4 -33.06848470215677 3.871380547396751 1.2231516478932885 2.057410150838847 1.087464370377958 2.1609762925845115 3.1376832625762976
9 977 1 -86.34794397092305 -21.781720924908885 0.7166634422681071 4.186592146015186 2.2126644775881332 1.3524968723896877 0.00014150649364119694
9 978 1 -77.82896880635894 -11.848047297401106 0.7845924401958418 3.9779566179545536 2.106678405773832 2.2351578290360425 -0.00372444210916667
9 979 1 -38.11941740448954 -18.013964947276023 0.4878318807892407 4.222018518014051 2.153805238297381 1.7438819560869911 -0.008278662165932316
9 980 2 69.90672179320256 -21.824338790700637 0.8843510878719939 5.382835022589743 2.0452557454818123 1.3832818012200563 -0.0073221861408745426
9 981 1 87.85663062447686 -20.257937437826346 1.2751631361165536 4.042974448080506 2.0777219881426054 0.9726741532634469 -0.0007219148855699409
10 975 4 -31.406852480492006 4.060962144510853 1.2231516478932885 2.057410150838847 1.087464370377958 2.1609762925845115 3.1376832625762976
10 977 1 -101.29225087006215 -21.619869991449193 0.20134331263332395 4.186592146015186 2.2126644775881332 1.3524968723896877 0.00014150649364119694
10 978 1 -94.17326541999556 -11.69797924608312 0.7845924401958418 3.9779566179545536 2.106678405773832 2.2351578290360425 -0.00372444210916667
10 979 1 -69.50293411358977 -18.27598243098588 0.4878318807892407 4.222018518014051 2.153805238297381 1.7438819560869911 -0.008278662165932316
10 980 2 55.774568531132964 -21.751056767874342 1.2165207902044568 5.382835022589743 2.0452557454818123 1.3832818012200563 -0.0073221861408745426
10 981 1 73.92093862180714 -16.899105617170292 1.2751631361165536 4.042974448080506 2.0777219881426054 0.9726741532634469 -0.0007219148855699409
11 975 4 -29.941610312580384 4.170573675637045 1.2231516478932885 2.057410150838847 1.087464370377958 2.1609762925845115 3.1376832625762976
11 978 1 -108.86815475909455 -11.73244311167069 0.7845924401958418 3.9779566179545536 2.106678405773832 2.2351578290360425 -0.00372444210916667
11 979 1 -84.42110148471735 -18.081317557301873 0.6301460401160465 4.222018518014051 2.153805238297381 1.7438819560869911 -0.008278662165932316
11 980 2 44.15457779891353 -20.55681420496428 1.2780550524308774 5.665440514489925 2.0452557454843214 3.2859317533149834 -0.0073221861408745426
11 981 1 58.3075167715628 -18.174735238624578 1.2751631361165536 4.0429744480805025 1.9815579686031408 0.9726741532634469 -0.0007219148855699409
12 975 4 -28.08503092882981 4.071043732004388 1.2231516478932885 2.057410150838847 1.087464370377958 2.1609762925845115 3.1376832625762976
12 979 1 -100.64691236819526 -18.25534468057713 0.6301460401160465 4.222018518014051 2.153805238297381 1.7438819560869911 -0.008278662165932316
12 980 2 28.639533922314705 -21.491919136426258 1.2780550524308774 5.665440514489925 2.0452557454843214 3.2859317533149834 -0.0073221861408745426
12 981 1 42.84164091357293 -18.254075973244316 1.3090986211427385 4.066915607711865 1.9815579686030995 1.5383429067584256 -0.0007219148855699409
13 975 4 -26.89718588323579 4.031798028138566 1.2231516478932885 2.057410150838847 1.087464370377958 2.1609762925845115 3.1376832625762976
13 980 2 15.515472720712104 -21.395820599955645 1.2780550524308774 5.665440514489925 2.0452557454843214 3.2859317533149834 -0.0073221861408745426
13 981 1 29.026600556630576 -17.561291150591252 1.0814950462746054 4.066915607711865 1.9815579686030995 1.5383429067584256 -0.0007219148855699409
13 982 1 -104.02045876450953 3.6861518920868024 1.2689105368661373 3.886686184050727 1.9573094021035216 0.4868701624093489 -3.1399469673682843
13 983 1 -107.70078426357114 -0.36380769705082816 1.3155201417053561 3.9484145367891434 1.8451528558972257 0.5 -3.1366706643725824
14 975 4 -25.53543218811358 4.222551973641942 1.2231516478932885 2.057410150838847 1.087464370377958 2.1609762925845115 3.1376832625762976
14 980 2 5.125662984225633 -21.12906839201643 1.2780550524308774 5.665440514489925 2.0452557454843214 3.2859317533149834 -0.0073221861408745426
14 981 1 12.274899656209032 -17.66299976919212 1.0814950462746054 4.066915607711865 1.9815579686030995 1.5383429067584256 -0.0007219148855699409
14 982 1 -101.45193059683955 3.320423057513008 -0.14562322824764662 3.886686184050727 1.9573094021035216 0.4868701624093489 -3.1399469673682843
14 983 1 -104.52553649544429 -0.0077729165410903855 -0.20381064801544402 3.9262745901824827 1.9613876836969233 0.5 -3.1366706643725824
15 975 4 -24.289963285472133 4.17154701795234 1.2231516478932885 2.057410150838847 1.087464370377958 2.1609762925845115 3.1376832625762976
15 980 2 -11.492514780140038 -20.816710098972553 1.2780550524308774 5.665440514489925 2.0452557454843214 3.2859317533149834 -0.0073221861408745426
15 981 1 -2.223394991739853 -17.584252078887925 1.0814950462746054 4.066915607711865 1.9815579686030995 1.5383429067584256 -0.0007219148855699409
15 982 1 -98.92807249899242 3.651008154293002 -0.14562322824764662 3.886686184050727 1.9573094021035216 0.4868701624093489 -3.1399469673682843
15 983 1 -101.33386236613597 0.2281323360769629 -0.20381064801544402 3.9262745901824827 1.9613876836969233 0.5 -3.1366706643725824
16 975 4 -23.160057729477764 4.06332396443709 1.2231516478932885 2.057410150838847 1.087464370377958 2.1609762925845115 3.1376832625762976
16 980 2 -26.783488151188692 -21.531001897004693 1.2780550524308774 5.665440514489925 2.0452557454843214 3.2859317533149834 -0.0073221861408745426
16 981 1 -17.15403773292263 -17.368629962476806 1.0814950462746054 4.066915607711865 1.9815579686030995 1.5383429067584256 -0.0007219148855699409
16 982 1 -96.68651194095987 3.611172847677073 -0.14562322824764662 3.886686184050727 1.9573094021035216 0.4868701624093489 -3.1399469673682843
16 983 1 -98.5802926931374 -0.0005298283574397544 -0.20381064801544402 3.9262745901824827 1.9613876836969233 0.5 -3.1366706643725824
17 975 4 -21.43012457821062 4.021959015406034 1.2231516478932885 2.057410150838847 1.087464370377958 2.1609762925845115 3.1376832625762976
17 980 2 -32.438234406646984 -21.267142203654583 1.2780550524308774 5.665440514489925 2.0452557454843214 3.2859317533149834 -0.0073221861408745426
17 981 1 -32.33543868653388 -17.699076050061763 1.0814950462746054 4.066915607711865 1.9815579686030995 1.5383429067584256 -0.0007219148855699409
17 982 1 -94.16200923994774 3.5500410678321788 1.225386421016484 3.886686184050727 1.9573094021035216 0.4868701624093489 -3.1399469673682843
17 983 1 -95.25498716680129 -0.07224087428541959 1.2274429944751664 3.9262745901824827 1.9613876836969233 0.5 -3.1366706643725824
18 975 4 -20.70290966607916 4.16905772781413 1.2231516478932885 2.057410150838847 1.087464370377958 2.1609762925845115 3.1376832625762976
18 980 2 -46.42098313445016 -21.260093448641094 1.2780550524308774 5.665440514489925 2.0452557454843214 3.2859317533149834 -0.0073221861408745426
18 981 1 -48.17656102363878 -17.573838183115633 0.6945689689987744 4.066915607711865 1.9815579686030995 1.5383429067584256 -0.0007219148855699409
18 982 1 -91.52905449153276 3.7067088425442534 1.225386421016484 3.886686184050727 1.9573094021035216 0.4868701624093489 -3.1399469673682843
18 983 1 -92.92151292917538 0.0493424235540911 1.2274429944751664 3.9262745901824827 1.9613876836969233 0.5 -3.1366706643725824
19 975 4 -19.94145410841733 4.223750767570569 1.2231516478932885 2.057410150838847 1.087464370377958 2.1609762925845115 3.1376832625762976
19 980 2 -59.194795016209646 -21.071222184990532 1.2780550524308774 5.665440514489925 2.0452557454843214 3.2859317533149834 -0.0073221861408745426
19 981 1 -62.94802937395582 -17.563174438379114 1.0814950462746054 4.066915607711865 1.9815579686030995 1.5383429067584256 -0.0007219148855699409
19 982 1 -90.98482471245447 3.5987939366236548 1.225386421016484 3.886686184050727 1.9573094021035216 0.4868701624093489 -3.1399469673682843
19 983 1 -93.03301694823973 0.3350480596844639 1.2274429944751664 3.9262745901824827 1.9613876836969233 0.5 -3.1366706643725824
19 985 1 -107.85557057640715 -2.5746304952700036 -0.11238579130319692 3.787974278691629 1.9811947618783137 0.5 -3.1401416151611077
20 975 4 -18.972345249707583 4.289165981729503 1.2231516478932885 2.057410150838847 1.087464370377958 2.1609762925845115 3.1376832625762976
20 980 2 -73.17661294760151 -20.93706376059704 0.6424902568444162 5.665440514489925 2.0452557454843214 3.2859317533149834 -0.0073221861408745426
20 981 1 -78.53860729287688 -17.187753212740418 1.0814950462746054 4.066915607711865 1.9815579686030995 1.5383429067584256 -0.0007219148855699409
20 982 1 -87.35164036639542 4.257636252507298 1.225386421016484 3.886686184050727 1.9573094021035216 0.4868701624093489 -3.1399469673682843
20 983 1 -85.26030285692545 0.3733055835728556 1.2274429944751664 3.9262745901824827 1.9613876836969233 0.5 -3.1366706643725824
20 985 1 -106.15909552958684 -2.4661292140206275 -0.11238579130319692 3.787974278691629 1.9811947618783137 0.5 -3.1401416151611077
21 975 4 -18.153310914634897 4.320565969409757 0.9578724626247894 2.057410150838847 1.087464370377958 2.1609762925845115 3.1376832625762976
21 980 2 -86.2048766168638 -20.77810844153987 0.6424902568444162 5.665440514489925 2.0452557454843214 3.2859317533149834 -0.0073221861408745426
21 981 1 -93.17348050238623 -17.131667308911194 -0.5800110502627982 4.066915607711865 1.9815579686030995 1.5383429067584256 -0.0007219148855699409
21 982 1 -85.32780751328853 4.282728956990574 1.1601002472420021 3.886686184050727 1.9573094021035216 0.4868701624093489 -3.1399469673682843
21 983 1 -82.17807355792799 0.4765547015006707 1.2274429944751664 3.9262745901824827 1.9613876836969233 0.5 -3.1366706643725824
21 985 1 -101.13212458146629 -2.9466171744386456 -0.11238579130319692 3.787974278691629 1.9811947618783137 0.5 -3.1401416151611077
21 986 1 -106.28435613368414 -4.832201131331164 -0.08590734930612953 4.032914846723914 2.000154371653295 0.5 3.137559023114366
22 975 4 -17.7374181377992 4.491949720950713 0.9578724626247894 2.057410150838847 1.087464370377958 2.1609762925845115 3.1376832625762976
22 980 2 -100.02385200481655 -20.104897340730442 1.1191638535342674 5.665440514489925 2.0452557454843214 3.2859317533149834 -0.0073221861408745426
22 981 1 -109.08232542883121 -16.232527476016596 -0.5800110502627982 4.066915607711865 1.9815579686030995 1.5383429067584256 -0.0007219148855699409
22 982 1 -82.65064814956841 4.025989433618995 0.05023529307580388 3.886686184050727 1.9573094021035216 0.4868701624093489 -3.1399469673682843
22 983 1 -79.0322799418013 1.0865668870894558 1.0072501263996907 3.9262745901824827 1.9613876836969233 0.5 -3.1366706643725824
22 985 1 -97.25136290152646 -2.7501147038925318 -0.11238579130319692 3.787974278691629 1.9811947618783137 0.5 -3.1401416151611077
22 986 1 -102.25986997502032 -4.7353980085040055 -0.08590734930612953 4.032914846723914 2.000154371653295 0.5 3.137559023114366
23 975 4 -17.712772396073216 4.895542547671438 0.9578724626247894 2.057410150838847 1.087464370377958 2.1609762925845115 3.1376832625762976
23 980 2 -113.36360707630143 -19.085624909316905 1.1191638535342674 5.665440514489925 2.0452557454843214 3.2859317533149834 -0.0073221861408745426
23 982 1 -80.78169227695248 5.595936901085661 0.05023529307580388 3.886686184050727 1.9573094021035216 0.4868701624093489 3.118684148566382
23 983 1 -75.59363990568039 1.6300324721930592 1.0072501263996907 3.9262745901824827 1.9613876836969233 0.5 3.10562107032752
23 985 1 -95.06855339506981 -1.6441352192245349 -0.11238579130319692 3.787974278691629 1.9811947618783137 0.5 -3.1401416151611077
23 986 1 -98.68743085438265 -4.614164184901963 -0.08590734930612953 4.032914846723914 2.000154371653295 0.5 3.137559023114366
23 987 2 75.51824136153044 -7.204842737330292 1.3191961456097445 5.614903700065248 1.8168273571131976 0.5 0.2061260272985257
24 975 4 -17.078594335999295 4.846927379083053 0.9578724626247894 2.057410150838847 1.087464370377958 2.1609762925845115 3.1376832625762976
24 982 1 -78.63267835853341 6.272532035471639 1.0177597183916487 3.886686184050727 1.9573094021035216 0.4868701624093489 3.118684148566382
24 983 1 -72.17738142087195 2.7369160150591134 1.0072501263996907 3.9262745901824827 1.9613876836969233 0.5 3.1383007003885037
24 985 1 -91.8466513738935 -0.47302419290633324 1.2661266527062387 3.787974278691629 1.9811947618783137 0.5 -3.1401416151611077
24 986 1 -94.38664683355782 -3.275074041855142 1.1348757934943041 4.032914846723914 2.000154371653295 0.5 3.137559023114366
24 987 2 61.78155576891772 -10.479580929653192 1.7458308929896247 5.549504264073436 1.8168273571118903 0.9598473712366185 0.2061260272985257
25 975 4 -17.38937538691979 5.0096180207414145 0.9578724626247894 2.057410150838847 1.087464370377958 2.1609762925845115 3.1376832625762976
25 982 1 -76.75708593521611 7.6152414384358025 1.2575793380189455 3.925167304941487 1.9573094021034267 0.7026391038505283 3.06922466621793
25 983 1 -69.5744748246625 3.7238754630589583 1.0072501263996907 3.9262745901824827 1.9613876836969233 0.5 3.104157697495566
25 985 1 -88.99280512274842 1.177040385459044 1.2661266527062387 3.787974278691629 1.9811947618783137 0.5 3.0941872019601973
25 986 1 -91.14446482890922 -2.1774854670839767 1.1348757934943041 4.032914846723914 2.000154371653295 0.5 3.08792749419942
25 987 2 46.534938707441505 -13.236348069945947 1.7458308929896247 5.549504264073436 1.8168273571118903 0.9598473712366185 0.2061260272985257
26 975 4 -18.081042022219254 5.104593841743009 0.7387287878377674 2.057410150838847 1.087464370377958 2.1609762925845115 3.1376832625762976
26 982 1 -74.40800098469161 8.946656600645586 1.2575793380189455 3.925167304941487 1.9573094021034267 0.7026391038505283 3.06922466621793
26 983 1 -65.98392530507026 4.523431430251296 1.0072501263996907 3.9262745901824827 1.9613876836969233 0.5 3.0615226275727094
26 985 1 -85.26702877683178 2.346781358686063 0.02961134103416696 3.787974278691629 1.9811947618783137 0.5 3.0941872019601973
26 986 1 -87.06840029556398 -0.033787090574051326 0.0940312090032438 4.032914846723914 2.000154371653295 0.5 3.08792749419942
26 987 2 31.139832068125347 -15.788296526016763 1.4917809339876555 5.549271898987143 1.8168273571125024 2.165909396346854 0.07557968560972572
27 975 4 -18.57690478923351 5.129600326038501 0.7387287878377674 2.057410150838847 1.087464370377958 2.1609762925845115 3.1376832625762976
27 982 1 -72.35547738148084 9.639728097498466 0.10020457810245942 3.925167304941487 1.9573094021034267 0.7026391038505283 3.06922466621793
27 983 1 -62.98109787889632 4.648016689694838 0.16465513769476436 3.9262745901824827 1.9613876836969233 0.5 3.0615226275727094
27 985 1 -82.7586596380584 2.575264543791667 0.02961134103416696 3.787974278691629 1.9811947618783137 0.5 3.0941872019601973
27 986 1 -83.51105056257927 0.21522539679201397 0.0940312090032438 4.032914846723914 2.000154371653295 0.5 3.08792749419942
27 987 2 15.30812231521211 -17.209841509014947 1.4917809339876555 5.549271898987143 1.8168273571125024 2.165909396346854 0.07557968560972572
28 975 4 -19.810253727652697 5.3304995941414015 0.7387287878377674 2.057410150838847 1.087464370377958 2.1609762925845115 3.1376832625762976
28 982 1 -70.62940873751322 10.38504598896284 0.10020457810245942 3.925167304941487 1.9573094021034267 0.7026391038505283 3.0010873745399875
28 983 1 -60.340489242935654 5.098665672777454 0.16465513769476436 3.9262745901824827 1.9613876836969233 0.5 3.020629055093225
28 985 1 -79.52364995706127 4.440999928240468 0.007338223154018206 3.787974278691629 1.9811947618783137 0.5 3.0230253966730487
28 986 1 -79.71185717043076 1.5167562241881936 0.0940312090032438 4.032914846723914 2.000154371653295 0.5 3.018611731800501
28 987 2 -0.30977581686970135 -17.77781112423558 1.4917809339876555 5.549271898987143 1.8168273571125024 2.165909396346854 -0.046354225740179444
29 975 4 -20.848339871433854 5.323023922970748 0.7387287878377674 2.057410150838847 1.087464370377958 2.1609762925845115 3.1376832625762976
29 982 1 -68.64175787926813 10.809162115249814 0.9847095690798694 3.925167304941487 1.9573094021034267 0.7026391038505283 3.0010873745399875
29 983 1 -57.14382060893221 5.711962641834568 0.9047874587486208 3.9262745901824827 1.9613876836969233 0.5 3.020629055093225
29 985 1 -76.57399463315512 5.012619952235891 1.0579826259640865 3.787974278691629 1.9811947618783137 0.5 3.0230253966730487
29 986 1 -75.67697232156762 1.8082199186602448 0.9970789119911148 4.032914846723914 2.000154371653295 0.5 3.018611731800501
29 987 2 -12.49229631197834 -17.464830408484943 1.4917809339876555 5.549271898987143 1.8168273571125024 2.165909396346854 -0.046354225740179444
30 975 4 -23.315308290459857 5.655619657913794 0.7387287878377674 2.057410150838847 1.087464370377958 2.1609762925845115 3.1376832625762976
30 982 1 -67.07198481407542 11.104316661933744 0.19331036662640166 3.925167304941487 1.9573094021034267 0.7026391038505283 3.0010873745399875
30 983 1 -54.44695434278666 5.663732422208728 0.9047874587486208 3.9262745901824827 1.9613876836969233 0.5 3.020629055093225
30 985 1 -73.93036957871539 5.283012958251079 0.14146304053403125 3.787974278691629 1.9811947618783137 0.5 3.0230253966730487
30 986 1 -71.8919859833608 1.6277212543287394 0.09403120900325201 4.032914846723914 2.000154371653295 0.5 3.018611731800501
30 987 2 -30.676137581860974 -15.768587050299281 1.4917809339876555 5.549271898987143 1.8168273571125024 2.165909396346854 -0.12429827859035836
31 975 4 -25.183331229323354 5.778262292080711 1.419227567439572 2.057410150838847 1.087464370377958 2.1609762925845115 3.1376832625762976
31 982 1 -65.99575021644911 11.234194600516917 0.12348102523344814 3.925167304941487 1.9573094021034267 0.7026391038505283 3.0010873745399875
31 983 1 -51.76620137475918 5.291269154513262 0.16465513769476914 3.9262745901824827 1.9613876836969233 0.5 3.020629055093225
31 985 1 -71.46327900313372 5.394338114842093 0.14146304053403125 3.787974278691629 1.9811947618783137 0.5 3.0230253966730487
31 986 1 -68.21061150417654 1.7713182093766056 0.09403120900325201 4.032914846723914 2.000154371653295 0.5 3.018611731800501
31 987 2 -45.06716679960728 -13.678579257152094 1.071373940774413 5.549271898987143 1.8168273571125024 2.165909396346854 -0.17458574566780993
32 975 4 -27.719367124877973 6.145729969633081 0.7733304206988799 2.057410150838847 1.087464370377958 2.1609762925845115 3.1376832625762976
32 982 1 -64.14312197428245 11.700916086581037 0.12348102523344814 3.925167304941487 1.9573094021034267 0.7026391038505283 3.0010873745399875
32 983 1 -49.16396683808788 5.231242680164255 0.7891417835839604 3.9262745901824827 1.9613876836969233 0.5 3.020629055093225
32 985 1 -69.14050682416105 5.050098889244545 0.9909202172740847 3.787974278691629 1.9811947618783137 0.5 3.0230253966730487
32 986 1 -64.52476154128483 1.7202109386621705 0.9733144987545932 4.032914846723914 2.000154371653295 0.5 3.025571027329117
32 987 2 -61.03585371358277 -10.566455247549486 1.071373940774413 5.549271898987143 1.8168273571125024 2.165909396346854 -0.2261684602165117
33 975 4 -30.70413862003985 6.791767374736447 1.292354913615525 2.057410150838847 1.087464370377958 2.1609762925845115 3.1376832625762976
33 982 1 -62.78339393689198 11.673156829383982 0.4522620840550058 3.878978062203329 1.9573094021032011 1.4067541157555987 3.0010873745399875
33 983 1 -46.69264610284929 4.860937969384798 0.7891417835839604 3.9262745901824827 1.9613876836969233 0.5 3.020629055093225
33 985 1 -66.67661864237847 4.756585713627716 0.9909202172740847 3.787974278691629 1.9811947618783137 0.5 3.0230253966730487
33 986 1 -61.13681827151498 1.3014966852878995 0.9733144987545932 4.032914846723914 2.000154371653295 0.5 3.025571027329117
33 987 2 -74.93295134627661 -6.834509987557624 1.071373940774413 5.549271898987143 1.8168273571125024 2.165909396346854 -0.2261684602165117
34 975 4 -34.39229093362624 7.486690490448128 0.7848642983192646 2.057410150838847 1.087464370377958 2.1609762925845115 3.1376832625762976
34 982 1 -61.7284346636009 11.570445749982447 0.4522620840550058 3.878978062203329 1.9573094021032011 1.4067541157555987 3.0010873745399875
34 983 1 -43.51730186796805 4.1487607273393845 0.3959464880241039 3.9262745901824827 1.9613876836969233 0.5 3.020629055093225
34 985 1 -64.9706373425085 4.14813914247849 0.9909202172740847 3.787974278691629 1.9811947618783137 0.5 3.0230253966730487
34 986 1 -57.74728228167616 0.6916665008959288 0.16731681528372044 4.032914846723914 2.000154371653295 0.5 3.025571027329117
34 987 2 -90.23675392220032 -2.1779573186309227 1.1058758342605373 5.452305105904275 1.8168273571127422 3.0157302508896167 -0.2261684602165117
35 975 4 -38.415283854391184 8.090650823791444 0.7848642983192646 2.057410150838847 1.087464370377958 2.1609762925845115 3.1376832625762976
35 982 1 -60.786990967235454 11.15829382361346 0.4522620840550058 3.878978062203329 1.9573094021032011 1.4067541157555987 3.0010873745399875
35 983 1 -40.80796007865009 3.633025829496934 0.5809795021145927 3.8788363234184766 1.961387683697245 0.9163242982468341 3.020629055093225
35 985 1 -62.33739299856835 3.5713340616913616 0.9909202172740847 3.787974278691629 1.9811947618783137 0.5 3.049020760313958
35 986 1 -54.426793025953906 -0.10104693692263622 0.16731681528372044 4.032914846723914 2.000154371653295 0.5 3.025571027329117
35 987 2 -104.24448357409756 2.4574938434965645 1.1058758342605373 5.452305105904275 1.8168273571127422 3.0157302508896167 -0.2261684602165117
36 975 4 -43.41819797751464 8.813781836665811 0.7848642983192646 2.057410150838847 1.087464370377958 2.1609762925845115 3.022661893018138
36 982 1 -59.80112338676937 10.163207340645753 0.4522620840550058 3.878978062203329 1.9573094021032011 1.4067541157555987 2.889716865478076
36 983 1 -38.13693774335319 2.882771955499934 0.5809795021145927 3.8788363234184766 1.961387683697245 0.9163242982468341 2.942005692821878
36 985 1 -59.99151298655749 3.3789501363703773 0.9909202172740847 3.787974278691629 1.9811947618783137 0.5 2.985389851396907
36 986 1 -50.83043259786445 -1.1884409627130113 0.617722040489353 4.127645229156556 2.0001543716510746 1.2111639366534048 3.025571027329117
37 975 4 -48.588269623191785 9.480526659700516 0.7848642983192646 2.057410150838847 1.087464370377958 2.1609762925845115 3.022661893018138
37 982 1 -59.01147620199276 9.420583113911585 0.4522620840550058 3.878978062203329 1.9573094021032011 1.4067541157555987 2.889716865478076
37 983 1 -35.37939666995291 2.3249763819692593 0.5809795021145927 3.8788363234184766 1.961387683697245 0.9163242982468341 2.942005692821878
37 985 1 -57.68015116543592 2.7626323891929534 0.9909202172740847 3.787974278691629 1.9811947618783137 0.5 2.985389851396907
37 986 1 -47.53873560240671 -2.1351396530083706 0.7562797172116421 4.088273303634852 2.00015437165162 1.488279290097983 2.9364294751398807
38 975 4 -54.71268278258956 10.763034490117189 0.7848642983192646 2.057410150838847 1.087464370377958 2.1609762925845115 2.8002017418621117
38 982 1 -58.12517288606686 8.630643711188661 0.4522620840550058 3.878978062203329 1.9573094021032011 1.4067541157555987 2.781294057745348
38 983 1 -32.578197388183725 1.690267612574044 0.5809795021145927 3.8788363234184766 1.961387683697245 0.9163242982468341 3.0106785208886357
38 985 1 -55.13545119094542 1.880193370890626 0.26586091590727545 3.787974278691629 1.9811947618783137 0.5 2.985389851396907
38 986 1 -43.82593494872365 -3.1849444419141015 0.7562797172116421 4.088273303634852 2.00015437165162 1.488279290097983 2.9364294751398807
39 975 4 -60.524249817111226 11.952904756108595 0.7848642983192646 2.057410150838847 1.087464370377958 2.1609762925845115 2.8002017418621117
39 982 1 -57.0451662127353 8.275410654292646 0.4522620840550058 3.878978062203329 1.9573094021032011 1.4067541157555987 2.781294057745348
39 983 1 -29.93913660637008 1.3427899039664735 0.5809795021145927 3.8788363234184766 1.961387683697245 0.9163242982468341 2.9836980585384243
39 985 1 -52.979532156416674 1.15073134194213 0.26586091590727545 3.787974278691629 1.9811947618783137 0.5 2.985389851396907
39 986 1 -40.27523454746328 -3.9238134369532003 0.7562797172116421 4.088273303634852 2.00015437165162 1.488279290097983 2.9364294751398807
39 990 2 97.81146571706138 0.8553443175353127 0.9457787554761907 10.187360452855456 2.49367243461187 0.5 0.7306130787997769
40 975 4 -66.22638834208112 13.52772031826136 0.7848642983192646 2.057410150838847 1.087464370377958 2.1609762925845115 2.8002017418621117
40 982 1 -56.23655500277654 8.022424153021529 0.4522620840550058 3.878978062203329 1.9573094021032011 1.4067541157555987 2.781294057745348
40 983 1 -27.001166826159594 0.9453483608124973 0.5809795021145927 3.8788363234184766 1.961387683697245 0.9163242982468341 2.9836980585384243
40 985 1 -54.98582526030788 1.8107546527539415 0.26586091590727545 3.787974278691629 1.9811947618783137 0.5 2.985389851396907
40 986 1 -36.43038018882292 -4.3827260736074924 0.7562797172116421 4.088273303634852 2.00015437165162 1.488279290097983 2.9881773286265902
40 990 2 86.05644404439195 -3.8202964257166085 3.088883470887013 10.0376481866709 2.493672434611704 3.06800120520385 0.46028481397946397
41 975 4 -71.76160214549463 15.302991126869099 0.7848642983192646 2.057410150838847 1.087464370377958 2.1609762925845115 2.8822334090335837
41 982 1 -55.0654520390356 8.046093143141508 0.4522620840550058 3.878978062203329 1.9573094021032011 1.4067541157555987 2.781294057745348
41 983 1 -23.948859278076977 0.5297019634519823 0.5809795021145927 3.8788363234184766 1.961387683697245 0.9163242982468341 2.9836980585384243
41 985 1 -56.067570323372045 2.806859895893452 0.9229459077709572 3.787974278691629 1.9811947618783137 0.5 2.985389851396907
41 986 1 -32.35001320848761 -4.5921490095243005 0.7562797172116421 4.088273303634852 2.00015437165162 1.488279290097983 3.03150200547622
41 990 2 73.90307643506178 -10.150993013101358 3.088883470887013 10.0376481866709 2.493672434611704 3.06800120520385 0.40012829236738723
42 975 4 -77.67748676532672 17.7388992121587 0.7848642983192646 2.057410150838847 1.087464370377958 2.1609762925845115 2.8822334090335837
42 982 1 -54.15101766832868 8.55385606515788 0.4522620840550058 3.878978062203329 1.9573094021032011 1.4067541157555987 2.781294057745348
42 983 1 -20.841491257975882 -0.12918406571856023 0.5809795021145927 3.8788363234184766 1.961387683697245 0.9163242982468341 2.9836980585384243
42 985 1 -45.578045899543184 -0.43953451587994974 1.8638343747158155 3.787974278691629 1.9811947618783137 0.5 3.0173387665578018
42 986 1 -28.473111978349955 -4.851930904307106 0.8760936952704657 4.088273303634852 2.00015437165162 1.488279290097983 3.03150200547622
42 990 2 65.11564539590785 -12.239331786378552 3.088883470887013 10.0376481866709 2.493672434611704 3.06800120520385 0.2507949868193211
43 975 4 -82.95353204640776 20.162528539302212 0.7848642983192646 2.057410150838847 1.087464370377958 2.1609762925845115 2.8822334090335837
43 982 1 -53.26246052827978 8.787277942109863 0.4522620840550058 3.878978062203329 1.9573094021032011 1.4067541157555987 2.781294057745348
43 983 1 -18.231876570237606 -0.7822527128212149 0.5809795021145927 3.8788363234184766 1.961387683697245 0.9163242982468341 3.0643813928708985
43 985 1 -42.72609170880766 -0.6873189515445725 0.5693822234410416 3.787974278691629 1.9811947618783137 0.5 2.829620792817532
43 986 1 -24.536032827562696 -5.214799796561823 0.9494797568314918 4.134701263317113 2.0001543716515986 1.6350514132200353 3.03150200547622
43 990 2 51.23957776628514 -15.196929125270328 3.088883470887013 10.0376481866709 2.493672434611704 3.06800120520385 0.20008305285249195
44 982 1 -52.096301608746714 9.277684330057703 0.4522620840550058 3.878978062203329 1.9573094021032011 1.4067541157555987 2.781294057745348
44 983 1 -15.1422153527499 -1.359521001869597 0.5809795021145927 3.8788363234184766 1.961387683697245 0.9163242982468341 3.014093925793447
44 985 1 -39.40225882258645 0.23593162442315008 0.8200856398132151 3.787974278691629 1.9811947618783137 0.5 2.9675200010367355
44 986 1 -20.138537286628686 -5.554677246397157 0.9494797568314918 4.134701263317113 2.0001543716515986 1.6350514132200353 3.03150200547622
44 990 2 38.30317306791206 -18.886517313996354 3.088883470887013 10.0376481866709 2.493672434611704 3.06800120520385 0.12536707503361266
45 982 1 -51.0387887791851 9.591631791351263 0.4522620840550058 3.878978062203329 1.9573094021032011 1.4067541157555987 2.6260761609556456
45 983 1 -12.506596401228512 -1.9049723867934405 0.5809795021145927 3.8788363234184766 1.961387683697245 0.9163242982468341 3.029587910940268
45 985 1 -37.09897764766545 -0.12953779629772785 0.5693822234410416 3.787974278691629 1.9811947618783137 0.5 2.9624159455379644
45 986 1 -16.472550305513327 -6.180676001503125 0.9494797568314918 4.134701263317113 2.0001543716515986 1.6350514132200353 3.1007686947628974
45 990 2 26.35203443445983 -19.639815302334267 3.088883470887013 10.0376481866709 2.493672434611704 3.06800120520385 0.12536707503361266
46 982 1 -50.203160532545475 9.778294835630826 0.7181109934322194 3.878978062203329 1.9573094021032011 1.4067541157555987 2.781294057745348
46 983 1 -9.504631595854311 -2.4709812040061157 0.5809795021145927 3.8788363234184766 1.961387683697245 0.9163242982468341 3.0479851310329646
46 985 1 -34.53674966588543 -0.40597127787537246 0.5693822234410416 3.787974278691629 1.9811947618783137 0.5 2.829620792817532
46 986 1 -12.480610640313742 -5.718847629031303 0.9494797568314918 4.134701263317113 2.0001543716515986 1.6350514132200353 3.03150200547622
46 990 2 14.39766984047 -20.451113994174552 3.088883470887013 10.0376481866709 2.493672434611704 3.06800120520385 0.06468995254537613
47 982 1 -49.51026057175056 9.698033706727921 0.7181109934322194 3.878978062203329 1.9573094021032011 1.4067541157555987 2.781294057745348
47 983 1 -6.836048223183628 -2.85789487881685 0.7846567226227483 3.8788363234184766 1.961387683697245 0.9163242982468341 3.0479851310329646
47 985 1 -32.20686979236994 -0.8106350462074662 0.41598714581249296 3.851321164389621 1.9811947618783254 0.8067901552570973 2.829620792817532
47 986 1 -8.888212610544166 -6.067205590516205 0.9494797568314918 4.134701263317113 2.0001543716515986 1.6350514132200353 3.03150200547622
47 990 2 1.9212680470066998 -20.74634012459139 3.088883470887013 10.0376481866709 2.493672434611704 3.06800120520385 0.0478990122967502
48 982 1 -48.58625368060379 9.065829716976424 0.7181109934322194 3.878978062203329 1.9573094021032011 1.4067541157555987 2.781294057745348
48 983 1 -3.8886229013444127 -3.180065417727582 0.7846567226227483 3.8788363234184766 1.961387683697245 0.9163242982468341 3.0905718203815193
48 985 1 -29.751637017857 -1.4892245398652288 0.3441020150185162 3.8513211643896206 1.9811947618783254 0.9505604168450508 3.005897376463356
48 986 1 -5.172781788954137 -6.404794788569796 0.9494797568314918 4.134701263317113 2.0001543716515986 1.6350514132200353 3.0817419370806984
48 990 2 -7.284993119007607 -20.85512734227483 3.088883470887013 10.0376481866709 2.493672434611704 3.06800120520385 -0.0023884547807013767
49 982 1 -47.80351970130306 8.53850217064092 0.7181109934322194 3.878978062203329 1.9573094021032011 1.4067541157555987 2.781294057745348
49 983 1 -1.1155665707005773 -3.3661929739125482 1.0292034506295327 3.8788363234184766 1.961387683697245 0.9163242982468341 3.0905718203815193
49 985 1 -27.354147174081884 -2.00104063978469 0.3441020150185162 3.8513211643896206 1.9811947618783254 0.9505604168450508 3.0310212968688433
49 986 1 -1.7058205487214955 -6.568965262664225 0.9494797568314918 4.134701263317113 2.0001543716515986 1.6350514132200353 3.115813862234699
49 990 2 -16.9429445290128 -20.3807228301428 3.088883470887013 10.0376481866709 2.493672434611704 3.06800120520385 -0.03684683767172303
50 982 1 -46.99227868525242 8.155393028511934 0.7181109934322194 3.878978062203329 1.9573094021032011 1.4067541157555987 2.781294057745348
50 983 1 2.0065696375862863 -3.460262679684346 0.982493150177316 3.8953223271476562 1.9613876836938902 1.0097448991512676 3.1152815636520055
50 985 1 -24.86168661824281 -2.528308932401347 0.3441020150185162 3.8513211643896206 1.9811947618783254 0.9505604168450508 3.0310212968688433
50 986 1 1.8756793905916807 -6.63789232543413 0.9494797568314918 4.134701263317113 2.0001543716515986 1.6350514132200353 -3.1251444064296527
50 990 2 -29.65816251511757 -19.801861978931026 3.088883470887013 10.0376481866709 2.493672434611704 3.06800120520385 -0.08713430474917483
51 982 1 -46.27739357179489 7.653627121082661 0.7181109934322194 3.878978062203329 1.9573094021032011 1.4067541157555987 2.887750047000517
51 983 1 4.766546382435006 -3.466653897594617 0.982493150177316 3.8953223271476562 1.9613876836938902 1.0097448991512676 3.1152815636520055
51 985 1 -22.209983495081314 -2.843022395655396 0.8976233901185939 3.807042548249415 1.9811947618802281 1.5262440517963014 3.084866597174771
51 986 1 5.207022038934471 -6.466514240173472 0.7862239331598327 4.088121744990677 2.000154371651421 1.3085397658767173 -3.1251444064296527
51 990 2 -42.03445540332772 -18.621155429970074 5.41072206812059 9.565361883542227 2.4936724346127024 2.334232027557907 -0.14529334026481977
52 982 1 -45.2639149727962 7.587026088057699 0.7181109934322194 3.878978062203329 1.9573094021032011 1.4067541157555987 2.887750047000517
52 983 1 7.508522233155739 -3.318003122427767 0.982493150177316 3.8953223271476562 1.9613876836938902 1.0097448991512676 3.1152815636520055
52 985 1 -19.573680665412184 -2.9488741996493157 1.0837322509341774 3.7851498830299017 1.9811947618802468 1.8984617734274685 3.084866597174771
52 986 1 7.465049232789393 -6.383260121375908 0.7862239331598327 4.088121744990677 2.000154371651421 1.3085397658767173 -3.1251444064296527
52 990 2 -52.16695531732081 -17.249632737136654 5.41072206812059 9.565361883542227 2.4936724346127024 2.334232027557907 -0.14529334026481977
53 982 1 -44.64046857143179 7.719782132282997 0.7181109934322194 3.878978062203329 1.9573094021032011 1.4067541157555987 2.887750047000517
53 983 1 9.379518791275032 -3.32595034119492 0.982493150177316 3.8953223271476562 1.9613876836938902 1.0097448991512676 -3.111902623916552
53 985 1 -17.64508259317739 -3.117003841219975 1.0837322509341774 3.7851498830299017 1.9811947618802468 1.8984617734274685 2.998305866956602
53 986 1 11.044030466850472 -6.131647693306668 0.7862239331598327 4.088121744990677 2.000154371651421 1.3085397658767173 -3.051893650386752
53 990 2 -64.60478690568127 -14.324858120755612 4.6537338062610925 9.439888282173769 2.4936724346152963 2.742427489110989 -0.23337464324850776
54 982 1 -43.96268731760881 6.832224989316484 0.7181109934322194 3.878978062203329 1.9573094021032011 1.4067541157555987 2.887750047000517
54 983 1 12.691749476613607 -3.190766966866688 0.982493150177316 3.8953223271476562 1.9613876836938902 1.0097448991512676 -3.0942725988737063
54 985 1 -14.078779980625173 -3.4937241440401996 0.6608793909691781 3.7851498830299017 1.9811947618802468 1.8984617734274685 3.024077752248637
54 986 1 14.486595324674354 -5.895267345768391 0.7862239331598327 4.088121744990677 2.000154371651421 1.3085397658767173 -3.060301625400138
54 990 2 -78.68111390522215 -8.530386814358291 1.2702050543441754 9.115413734230394 2.4936724346148487 3.5060718712776056 -0.29955346287090956
55 982 1 -44.477884864324444 7.211306062604521 0.45680168009791533 3.878978062203329 1.9573094021032011 1.4067541157555987 2.887750047000517
55 983 1 15.736384424121745 -2.935026880189681 0.982493150177316 3.8953223271476562 1.9613876836938902 1.0097448991512676 -3.0942725988737063
55 985 1 -11.664270394369476 -3.801262968642209 0.6608793909691781 3.7851498830299017 1.9811947618802468 1.8984617734274685 3.085234998550491
55 986 1 17.87663750751169 -5.76177467901778 0.7862239331598327 4.088121744990677 2.000154371651421 1.3085397658767173 -3.060301625400138
55 990 2 -90.78653968611081 -4.62236705774332 1.2702050543441754 9.115413734230394 2.4936724346148487 3.5060718712776056 -0.3396068171265414
56 995 1 47.35630111792746 -15.744674432184382 0.10713691562725802 4.156215141942955 2.213564799284717 1.0609414761841465 0.17512883033987947
56 982 1 -41.85470457229928 7.38971590959262 0.31426932737011165 3.878978062203329 1.9573094021032011 1.4067541157555987 2.887750047000517
56 983 1 18.799064535137695 -2.589184127067351 0.982493150177316 3.8953223271476562 1.9613876836938902 1.0097448991512676 -3.0942725988737063
56 985 1 -8.991726360615164 -4.125326004969617 0.9200034201468115 3.7851498830299017 1.9811947618802468 1.8984617734274685 3.110888803295329
56 986 1 21.46723517729028 -5.754638632137165 0.7862239331598327 4.088121744990677 2.000154371651421 1.3085397658767173 -3.060301625400138
56 990 2 -103.1433859506221 -0.8160104833221113 1.2702050543441754 9.115413734230394 2.4936724346148487 3.5060718712776056 -0.3396068171265414
57 995 1 25.885931046698648 -20.510514140066775 0.9589721216625331 4.156215141942955 2.213564799284717 1.0609414761841465 0.1572911947135942
57 982 1 -41.21173682419145 7.124737459742619 0.31426932737011165 3.878978062203329 1.9573094021032011 1.4067541157555987 2.887750047000517
57 983 1 21.837296419801888 -2.073376208418093 0.982493150177316 3.8953223271476562 1.9613876836938902 1.0097448991512676 -3.0589984425461623
57 985 1 -6.413506841371021 -4.247545084585119 0.9200034201468115 3.7851498830299017 1.9811947618802468 1.8984617734274685 3.110888803295329
57 986 1 25.176260866889024 -5.17946655049042 0.7862239331598327 4.088121744990677 2.000154371651421 1.3085397658767173 -3.0001938126243584
57 990 2 -114.23641163626299 3.7182700790051517 1.2702050543441754 9.115413734230394 2.4936724346148487 3.5060718712776056 -0.3396068171265414
58 995 1 12.02865973192236 -20.948635375542338 1.1249799110831635 4.156215141942955 2.213564799284717 1.0609414761841465 0.03885067864242919
58 982 1 -40.54577493513148 6.853793430565372 0.31426932737011165 3.878978062203329 1.9573094021032011 1.4067541157555987 2.887750047000517
58 983 1 24.888505235998473 -1.9115924935327286 0.982493150177316 3.8953223271476562 1.9613876836938902 1.0097448991512676 -3.076371932747358
58 985 1 -3.525450203130942 -4.162673302030187 0.9200034201468115 3.7851498830299017 1.9811947618802468 1.8984617734274685 3.0764752385442797
58 986 1 28.68502142627184 -4.98536978518033 0.7862239331598327 4.088121744990677 2.000154371651421 1.3085397658767173 -3.0276522781649513
59 995 1 -8.528426718148046 -21.35037421221873 1.1249799110831635 4.156215141942955 2.213564799284717 1.0609414761841465 -0.06157136533365892
59 982 1 -40.03307005075606 6.8434870763928375 0.31426932737011165 3.878978062203329 1.9573094021032011 1.4067541157555987 2.887750047000517
59 983 1 28.440423163734344 -2.1455785258178017 0.19995756590510716 3.895322327147703 1.9613876836941182 1.2525117140740003 -3.127083866714188
59 985 1 -0.9016124378246118 -4.224278678236536 0.9200034201468115 3.7851498830299017 1.9811947618802468 1.8984617734274685 3.103164907110004
59 986 1 32.724906234704406 -5.464971656121272 0.7862239331598327 4.088121744990677 2.000154371651421 1.3085397658767173 -3.0787958994059945
60 995 1 -22.15767444233809 -20.774310397313894 2.1796551257273347 4.156215141942955 2.213564799284717 1.0609414761841465 -0.06157136533365892
60 982 1 -38.788781843683786 6.8151724787824 0.31426932737011165 3.878978062203329 1.9573094021032011 1.4067541157555987 2.887750047000517
60 983 1 31.635446853359703 -1.4626224325730837 0.19995756590510716 3.895322327147703 1.9613876836941182 1.2525117140740003 -3.127083866714188
60 985 1 1.9470255326582282 -4.312737479758022 0.9200034201468115 3.7851498830299017 1.9811947618802468 1.8984617734274685 3.1285011656975934
60 986 1 36.79758751614981 -5.373906206896776 0.5509425007673319 4.088121744990677 2.000154371651421 1.3085397658767173 -3.0787958994059945
61 995 1 -39.00304947193449 -19.235609797756084 1.9045249438556584 4.156215141942955 2.213564799284717 1.0609414761841465 -0.16999417306638653
61 982 1 -38.36046334612568 6.385005623163684 0.31426932737011165 3.878978062203329 1.9573094021032011 1.4067541157555987 2.887750047000517
61 983 1 34.92685640856986 -1.3709614856583465 0.0024139812887720435 3.895322327147703 1.9613876836941182 1.2525117140740003 -3.127083866714188
61 985 1 4.740731744443037 -4.264028726531226 0.9200034201468115 3.7851498830299017 1.9811947618802468 1.8984617734274685 3.1285011656975934
61 986 1 40.86085813004895 -5.1365282852945855 0.5509425007673319 4.088121744990677 2.000154371651421 1.3085397658767173 -3.001568135401886
62 995 1 -55.65960801963718 -16.47800843686775 1.9045249438556584 4.156215141942955 2.213564799284717 1.0609414761841465 -0.16999417306638653
62 982 1 -37.910130604218 5.188329493317454 0.24300315100621117 3.878978062203329 1.9573094021032011 1.4067541157555987 2.887750047000517
62 983 1 38.865555585173304 -2.01626350510962 0.0024139812887720435 3.895322327147703 1.9613876836941182 1.2525117140740003 -3.127083866714188
62 985 1 6.362255668071031 -4.178652332871918 0.9200034201468115 3.7851498830299017 1.9811947618802468 1.8984617734274685 -3.119718424092466
62 986 1 44.919623714763055 -4.6944899174844466 0.5509425007673319 4.088121744990677 2.000154371651421 1.3085397658767173 -3.139515721028266
63 982 1 -37.910130604218 5.188329493317454 0.24300315100621117 3.878978062203329 1.9573094021032011 1.4067541157555987 2.887750047000517
63 983 1 42.02178038558798 -1.685096264447017 0.17800827872551558 3.895322327147703 1.9613876836941182 1.2525117140740003 -3.127083866714188
63 985 1 9.398950517661838 -3.962286666059965 0.9200034201468115 3.7851498830299017 1.9811947618802468 1.8984617734274685 -3.119718424092466
63 986 1 48.99354434307717 -4.090777885483321 0.5509425007673319 4.088121744990677 2.000154371651421 1.3085397658767173 -3.139515721028266
64 982 1 -37.2587044805667 4.577570453399287 0.24300315100621117 3.878978062203329 1.9573094021032011 1.4067541157555987 2.887750047000517
64 983 1 45.870144080949665 -2.156096089985023 0.17800827872551558 3.895322327147703 1.9613876836941182 1.2525117140740003 -3.127083866714188
64 985 1 12.222499462230811 -3.793421205540036 0.9200034201468115 3.7851498830299017 1.9811947618802468 1.8984617734274685 -3.119718424092466
64 986 1 53.38969472053423 -4.310589965039914 0.5509425007673319 4.088121744990677 2.000154371651421 1.3085397658767173 -3.139515721028266
65 982 1 -36.80977282773464 5.172814209330571 0.24300315100621117 3.878978062203329 1.9573094021032011 1.4067541157555987 2.887750047000517
65 983 1 49.05723244631482 -2.4391263294757906 0.17800827872551558 3.895322327147703 1.9613876836941182 1.2525117140740003 -3.127083866714188
65 985 1 15.278729117582355 -3.490954041574006 0.9200034201468115 3.7851498830299017 1.9811947618802468 1.8984617734274685 -3.119718424092466
65 986 1 57.35142697042845 -4.8060354237077885 1.3064507503483636 4.088121744990677 2.000154371651421 1.3085397658767173 -3.139515721028266
66 982 1 -36.59024980083935 3.93785167181393 0.24300315100621117 3.878978062203329 1.9573094021032011 1.4067541157555987 2.887750047000517
66 983 1 38.17819308381849 -1.54330140461736 0.1560589915459242 3.895322327147703 1.9613876836941182 1.2525117140740003 -3.127083866714188
66 985 1 18.46668690407328 -3.335534676860119 0.9200034201468115 3.7851498830299017 1.9811947618802468 1.8984617734274685 -3.119718424092466
66 986 1 61.655477741203654 -4.774201927606966 1.3064507503483636 4.088121744990677 2.000154371651421 1.3085397658767173 -3.139515721028266
67 982 1 -36.27765840160497 4.102171922613594 0.24300315100621117 3.878978062203329 1.9573094021032011 1.4067541157555987 3.132041149135672
67 983 1 40.153739460823175 -1.5365882298990932 0.1560589915459242 3.895322327147703 1.9613876836941182 1.2525117140740003 -3.127083866714188
67 985 1 21.974363548096946 -3.108865002708195 0.9200034201468115 3.7851498830299017 1.9811947618802468 1.8984617734274685 -3.119718424092466
67 986 1 65.82244897014839 -4.880018697209183 1.3064507503483636 4.088121744990677 2.000154371651421 1.3085397658767173 -3.139515721028266
68 982 1 -35.69458566590143 3.5078524711304357 0.8971394362211345 3.878978062203329 1.9573094021032011 1.4067541157555987 3.132041149135672
68 983 1 39.93426948664626 -1.5397726964307998 0.2877547146234879 3.895322327147703 1.9613876836941182 1.2525117140740003 -3.127083866714188
68 985 1 25.374530510798408 -2.863128865110249 0.9200034201468115 3.7851498830299017 1.9811947618802468 1.8984617734274685 -3.119718424092466
68 986 1 69.8060292879963 -4.871745057639091 1.7872287273544805 4.088121744990677 2.000154371651421 1.3085397658767173 -3.139515721028266
69 982 1 -35.06436539966194 3.283777158504169 0.8971394362211345 3.878978062203329 1.9573094021032011 1.4067541157555987 3.132041149135672
69 983 1 63.950020210748136 -3.1010996034965985 0.2877547146234879 3.895322327147703 1.9613876836941182 1.2525117140740003 -3.127083866714188
69 985 1 29.861035032457366 -3.3218561610770214 0.9200034201468115 3.7851498830299017 1.9811947618802468 1.8984617734274685 -3.119718424092466
69 986 1 74.56805795821667 -4.884748891068659 1.7872287273544805 4.088121744990677 2.000154371651421 1.3085397658767173 -3.139515721028266
70 982 1 -34.69578771206664 3.062201002134046 0.8971394362211345 3.878978062203329 1.9573094021032011 1.4067541157555987 3.132041149135672
70 983 1 67.35180164635335 -3.0517404181513395 0.2877547146234879 3.895322327147703 1.9613876836941182 1.2525117140740003 -3.127083866714188
70 985 1 32.691941308240345 -2.5102738377065257 0.9200034201468115 3.7851498830299017 1.9811947618802468 1.8984617734274685 -3.119718424092466
70 986 1 78.87239402717648 -4.9902803627516175 1.7872287273544805 4.088121744990677 2.000154371651421 1.3085397658767173 -3.139515721028266
71 982 1 -34.10896627905279 2.8603457840512014 0.8971394362211345 3.878978062203329 1.9573094021032011 1.4067541157555987 3.132041149135672
71 983 1 71.52714087020075 -3.3643345664095134 0.2877547146234879 3.895322327147703 1.9613876836941182 1.2525117140740003 -3.127083866714188
71 985 1 36.722783561576364 -2.700529094195012 0.9200034201468115 3.7851498830299017 1.9811947618802468 1.8984617734274685 -3.119718424092466
71 986 1 84.73405466297912 -5.344414232286532 1.7872287273544805 4.088121744990677 2.000154371651421 1.3085397658767173 -3.139515721028266
72 982 1 -33.82364578325274 3.053870481280236 0.8971394362211345 3.878978062203329 1.9573094021032011 1.4067541157555987 3.132041149135672
72 983 1 75.17479730599466 -3.618730434984209 0.2877547146234879 3.895322327147703 1.9613876836941182 1.2525117140740003 -3.127083866714188
72 985 1 41.29960478082498 -3.3714657672419777 0.9200034201468115 3.7851498830299017 1.9811947618802468 1.8984617734274685 -3.1381561884410014
73 982 1 -33.410419683141434 2.9408956413710525 0.8971394362211345 3.878978062203329 1.9573094021032011 1.4067541157555987 3.132041149135672
73 983 1 78.68854275319227 -3.7214079997774547 0.2877547146234879 3.895322327147703 1.9613876836941182 1.2525117140740003 -3.127083866714188
73 985 1 44.88190409428372 -2.5318041657218346 0.9200034201468115 3.7851498830299017 1.9811947618802468 1.8984617734274685 -3.1381561884410014
74 982 1 -33.21085553771737 3.2878783701905525 0.8971394362211345 3.878978062203329 1.9573094021032011 1.4067541157555987 3.132041149135672
74 983 1 82.37818207521242 -3.843484996758628 0.13410970436633973 3.895322327147703 1.9613876836941182 1.2525117140740003 -3.127083866714188
74 985 1 48.42432722305784 -2.434774180452631 0.9200034201468115 3.7851498830299017 1.9811947618802468 1.8984617734274685 -3.1381561884410014
75 982 1 -33.21085553771737 3.2878783701905525 0.8971394362211345 3.878978062203329 1.9573094021032011 1.4067541157555987 3.132041149135672
75 983 1 82.35814577812812 -3.9754854276218414 0.13410970436633973 3.895322327147703 1.9613876836941182 1.2525117140740003 -3.127083866714188
75 985 1 52.41216852498943 -2.3149993941981353 0.9200034201468115 3.7851498830299017 1.9811947618802468 1.8984617734274685 -3.1381561884410014
76 982 1 -33.21085553771737 3.2878783701905525 0.8971394362211345 3.878978062203329 1.9573094021032011 1.4067541157555987 3.132041149135672
76 983 1 89.93205582276983 -2.5045891526231685 0.8364868941133193 3.895322327147703 1.9613876836941182 1.2525117140740003 -3.127083866714188
76 985 1 55.8480120430477 -2.069836750969972 0.9200034201468115 3.7851498830299017 1.9811947618802468 1.8984617734274685 -3.1381561884410014
77 982 1 -33.40604615562519 3.3987705798862797 0.8971394362211345 3.878978062203329 1.9573094021032011 1.4067541157555987 3.132041149135672
77 983 1 93.18020841934772 -2.4574590917773746 0.8364868941133193 3.895322327147703 1.9613876836941182 1.2525117140740003 -3.127083866714188
77 985 1 59.666288261663155 -1.9930729333709731 0.9200034201468115 3.7851498830299017 1.9811947618802468 1.8984617734274685 -3.1381561884410014
78 982 1 -33.81698136037085 3.7515846733034417 0.8971394362211345 3.878978062203329 1.9573094021032011 1.4067541157555987 3.132041149135672
78 983 1 96.36283853156714 -2.433231367420469 0.8364868941133193 3.895322327147703 1.9613876836941182 1.2525117140740003 -3.127083866714188
78 985 1 63.850157383019166 -3.3576136668802414 0.9200034201468115 3.7851498830299017 1.9811947618802468 1.8984617734274685 -3.1381561884410014
79 982 1 -34.384081877314955 3.735195943357694 0.8971394362211345 3.878978062203329 1.9573094021032011 1.4067541157555987 3.132041149135672
79 983 1 99.63644101833486 -2.627199831812207 0.8364868941133193 3.895322327147703 1.9613876836941182 1.2525117140740003 -3.127083866714188
79 985 1 67.18066066736739 -3.3249543323704267 -0.11948189078566074 3.7851498830299017 1.9811947618802468 1.8984617734274685 -3.1381561884410014
80 982 1 -35.18977184539251 3.8519195176510874 0.8971394362211345 3.878978062203329 1.9573094021032011 1.4067541157555987 3.132041149135672
80 985 1 70.85160627801041 -3.588122908163553 -0.11948189078566074 3.7851498830299017 1.9811947618802468 1.8984617734274685 -3.1381561884410014
81 982 1 -36.170712666660556 3.8830948210026826 0.602788754623857 3.8353902294783744 1.957309402103103 1.8646282219071715 3.132041149135672
81 985 1 74.13924437552433 -3.4283260934276583 -0.11948189078566074 3.7851498830299017 1.9811947618802468 1.8984617734274685 -3.1381561884410014
82 982 1 -37.378880629683586 3.8083881719453387 0.602788754623857 3.8353902294783744 1.957309402103103 1.8646282219071715 3.132041149135672
82 985 1 77.67048680835659 -3.1404073519695723 -0.3290528690500202 3.764101611779807 1.9811947618812902 2.2327477862066085 -3.1381561884410014
83 982 1 -38.62893242415905 3.8634518211784465 0.602788754623857 3.8353902294783744 1.957309402103103 1.8646282219071715 3.132041149135672
83 985 1 81.02897269284215 -4.352455810089518 -0.3290528690500202 3.764101611779807 1.9811947618812902 2.2327477862066085 -3.1381561884410014
84 982 1 -40.267265082691985 3.900662544179986 0.602788754623857 3.8353902294783744 1.957309402103103 1.8646282219071715 3.132041149135672
84 985 1 84.53194148867965 -4.635767200199198 -0.3290528690500202 3.764101611779807 1.9811947618812902 2.2327477862066085 -3.1381561884410014
85 982 1 -42.315438323607815 3.9202262749581482 0.602788754623857 3.8353902294783744 1.957309402103103 1.8646282219071715 3.132041149135672
85 985 1 87.44429177067829 -4.942204614500703 0.40931525353571974 3.764101611779807 1.9811947618812902 2.2327477862066085 -3.1381561884410014
86 982 1 -44.946135827709725 3.9022307471994466 0.602788754623857 3.8353902294783744 1.957309402103103 1.8646282219071715 3.132041149135672
86 985 1 90.16641460314786 -5.143813860061461 0.40931525353571974 3.764101611779807 1.9811947618812902 2.2327477862066085 -3.1381561884410014
87 982 1 -47.20214412493694 2.4791454126575636 0.602788754623857 3.8353902294783744 1.957309402103103 1.8646282219071715 3.132041149135672
87 985 1 93.71971754406422 -3.9713023158155503 3.549742117405152 3.764101611779807 1.9811947618812902 2.2327477862066085 -3.1381561884410014
88 982 1 -50.49130805553974 3.502401281345336 0.602788754623857 3.8353902294783744 1.957309402103103 1.8646282219071715 3.132041149135672
88 985 1 96.13617775528992 -4.996720638709 1.6118004817467781 3.764101611779807 1.9811947618812902 2.2327477862066085 -3.1381561884410014
88 998 2 95.47079446826196 -23.433222661486475 2.107711130289425 7.065575773785125 2.5792019150666374 1.7752163706474728 -0.005934109436595225
89 982 1 -53.6187028179255 3.402903282258984 0.602788754623857 3.8353902294783744 1.957309402103103 1.8646282219071715 3.132041149135672
89 985 1 98.87838174579318 -4.902911608118189 1.6118004817467781 3.764101611779807 1.9811947618812902 2.2327477862066085 -3.1381561884410014
89 998 2 82.52006105681595 -22.92061637526898 2.107711130289425 7.065575773785125 2.5792019150666374 1.7752163706474728 -0.005934109436595225
90 982 1 -57.199057599345025 3.28617015896564 0.602788754623857 3.8353902294783744 1.957309402103103 1.8646282219071715 3.132041149135672
90 998 2 69.9748563522057 -20.825855424340606 2.107711130289425 7.065575773785125 2.5792019150666374 1.7752163706474728 -0.005934109436595225
91 982 1 -60.49687076633683 3.4039170157349425 0.602788754623857 3.8353902294783744 1.957309402103103 1.8646282219071715 3.132041149135672
91 998 2 55.91143936725395 -20.900856703782566 1.6722743550739323 7.065585444418314 2.5792019150660837 2.6460899210784583 -0.005934109436595225
92 982 1 -64.19058061598514 3.8704326831538975 0.9582034487325206 3.8562771787968853 1.957309402103039 2.1024697138888806 3.132041149135672
92 998 2 43.19530827990758 -20.904625069998662 1.6722743550739323 7.065585444418314 2.5792019150660837 2.6460899210784583 -0.005934109436595225
93 982 1 -68.30395070444385 4.451686690014091 0.9582034487325206 3.8562771787968853 1.957309402103039 2.1024697138888806 3.132041149135672
93 998 2 29.16702326728768 -21.732502616936323 1.6722743550739323 7.065585444418314 2.5792019150660837 2.6460899210784583 -0.005934109436595225
94 982 1 -73.00355846389358 5.5946817923775525 0.9582034487325206 3.8562771787968853 1.957309402103039 2.1024697138888806 -2.610431328022191
94 998 2 15.145085111824303 -21.490837593834268 1.6722743550739323 7.065585444418314 2.5792019150660837 2.6460899210784583 -0.005934109436595225
95 982 1 -77.72577780855904 7.255506123482287 0.9582034487325206 3.8562771787968853 1.957309402103039 2.1024697138888806 -2.335540557770057
95 998 2 2.2606389330629333 -21.493607148154137 1.2459472984218758 7.085314767146883 2.5792019150660237 3.4987440343825718 -0.005934109436595225
96 998 2 -10.808942722341394 -21.53522328552984 1.2459472984218758 7.085314767146883 2.5792019150660237 3.4987440343825718 -0.005934109436595225
97 998 2 -23.996043379738197 -21.29807083443898 1.2459472984218758 7.085314767146883 2.5792019150660237 3.4987440343825718 -0.005934109436595225
98 998 2 -37.14695687064131 -21.657000002322246 1.2459472984218758 7.085314767146883 2.5792019150660237 3.4987440343825718 -0.005934109436595225
99 998 2 -50.29598457154202 -21.698144692635868 1.2459472984218758 7.085314767146883 2.5792019150660237 3.4987440343825718 -0.005934109436595225
