0 1051 2 56.057691047007154 -5.052907802855717 0.13536037833030706 16.120984309951478 3.607763436076664 3.4311035127046186 3.1375395987235626
1 1051 2 57.49988171924146 -4.325646268205445 -0.0799182733066332 16.063480733566653 3.0420964173926137 2.830203051484672 3.1375395987235626
2 1051 2 59.828295172106024 -3.7606081813959498 0.7666422724189716 16.216557261983453 3.662860041872591 3.4311035127027996 3.1375395987235626
3 1051 2 61.78424175843045 -4.129108470281271 0.7666422724189716 16.063144304201316 3.3723583121240015 3.4311035127027996 3.1375395987235626
4 1051 2 63.41257717925809 -4.360550709785829 0.766642272419199 16.23539745009646 3.203246795240572 3.4311035127032543 3.1375395987235626
5 1051 2 65.37729139902453 -4.18538176170234 0.7666422724189716 16.235397450096418 3.709792824674431 3.4311035127027996 3.1375395987235626
6 1051 2 66.83637595025014 -3.758741838963315 0.7666422724189716 16.06381716549574 3.873468801972601 3.4311035127027996 3.1375395987235626
7 1051 2 68.58950043254461 -3.8284470191751794 0.7666422724189716 16.063480733565125 3.0468462403659724 3.4311035127027996 3.1375395987235626
8 1051 2 69.95199775517324 -3.8792204043717113 1.3418513023043173 16.26373699391051 2.956344826608765 2.280685452932108 3.1375395987235626
9 1051 2 71.62101082276027 -3.940718229418107 0.7666422724189716 16.235397450096418 3.548303679549806 3.4311035127027996 3.1375395987235626
10 1051 2 71.71871514067412 -3.7708040787555155 1.1583235962741 14.325154161634776 3.8889211894112137 2.6477408649925427 3.1375395987235626
11 1051 2 73.50400205578757 -3.613620336653498 0.7666422724189716 16.211006135128667 3.3760485914168847 3.4311035127027996 3.1375395987235626
12 1051 2 74.29847627264454 -3.492932844341029 1.2525301789566854 15.975259964861312 3.9044314017391866 2.459327699627372 3.1375395987235626
13 1051 2 74.75236599588848 -3.846506525456943 1.1948730217501826 16.10620758875003 3.762108578980427 3.4311035127027996 3.1375395987235626
14 1051 2 75.41323457765522 -2.8301349874654713 0.7666422724198811 16.235397450096425 5.09876769060564 3.4311035127046186 3.1375395987235626
15 1051 2 75.97294797833567 -3.183118593031551 0.7666422724198811 16.235397450096425 5.09876769060564 3.4311035127046186 3.1375395987235626
16 1051 2 75.97294797833567 -3.183118593031551 0.7666422724198811 16.235397450096425 5.09876769060564 3.4311035127046186 3.1375395987235626
17 1051 2 76.3230886804044 -3.324823757887507 0.7666422724198811 16.235397450096425 5.09876769060564 3.4311035127046186 3.1375395987235626
18 1051 2 76.3230886804044 -3.324823757887507 0.7666422724198811 16.235397450096425 5.09876769060564 3.4311035127046186 3.1375395987235626
19 1051 2 76.3230886804044 -3.324823757887507 0.7666422724198811 16.235397450096425 5.09876769060564 3.4311035127046186 3.1375395987235626
20 1051 2 76.3230886804044 -3.324823757887507 0.7666422724198811 16.235397450096425 5.09876769060564 3.4311035127046186 3.1375395987235626
21 1051 2 76.2609391948188 -2.721337662315104 0.7666422724189716 16.10620758874997 3.892309202237147 3.4311035127027996 3.1375395987235626
22 1051 2 75.63250861939227 -3.3275842533098547 1.2915530003917115 14.85427104920808 2.9095217855840527 2.3812820567664144 3.1375395987235626
23 1051 2 75.63250861939227 -3.3275842533098547 1.2915530003917115 14.85427104920808 2.9095217855840527 2.3812820567664144 3.1375395987235626
24 1051 2 75.7894737912253 -3.6461597525519673 1.2915530003917115 15.958403110839143 2.915290565598697 2.3812820567664144 3.1375395987235626
25 1051 2 75.26132619776068 -3.4328967997979385 1.3776541973918364 15.478196613814744 3.588370886530776 2.209079662760707 3.1375395987235626
26 1051 2 75.15720827535091 -3.6748636209590906 1.3776541973918364 15.559636228377187 2.8886165293663435 2.209079662760707 3.1375395987235626
27 1051 2 74.68954280014111 -3.1201214939548882 0.7515846163423731 15.803087412682238 3.919612850341482 2.78569285983514 3.1375395987235626
28 1051 2 74.6451047443177 -3.5825025383455604 1.3776541973918364 15.77454612855444 3.395962895307405 2.209079662760707 3.1375395987235626
29 1051 2 74.08397333398516 -3.462123558621011 1.3776541973918364 15.753412044796365 3.1528768971573378 2.209079662760707 3.1375395987235626
30 1051 2 73.37328999967141 -3.6398332561007036 1.3776541973918364 15.435592902711708 2.6539376449534537 2.209079662760707 3.1375395987235626
31 1051 2 72.8012293692828 -3.444499746656307 0.8266065365823292 15.943040631208415 2.902202366286665 2.209079662760707 3.1375395987235626
32 1051 2 72.50984058379697 -3.5669430332435974 0.8266065365823292 15.774546128554444 3.0682415271203847 2.209079662760707 3.1375395987235626
33 1051 2 72.27494666898838 -3.4824560747012487 1.4000810223647673 17.599548054265586 3.305915954490578 2.4236921341841233 3.1375395987235626
33 670 2 112.93964942596403 -18.986359405132813 1.0451580630072923 6.876837573569413 2.738194371383854 0.8010584466158627 0.008018438477187528
34 1051 2 70.39576516942543 -3.4075486231130414 1.4000810223647673 14.916362620157809 3.594175946212043 2.4236921341841233 3.1375395987235626
34 670 2 100.60450084954587 -19.039801941739682 1.1246547659398427 6.38254718278565 2.653684377357466 0.7113962335651102 0.008018438477187528
35 1051 2 69.08142910655766 -3.6609389438468734 1.2153204843198135 14.22738647965279 3.4919497133887702 2.054171058094216 3.1375395987235626
35 670 2 88.16701620617538 -18.579579479484174 1.1234589433289792 5.783651264317267 2.6427919727228626 0.9217454607856952 0.008018438477187528
36 1051 2 68.55395651767662 -3.678065555432134 1.2153204843198135 14.695004817494285 3.038216663251248 2.054171058094216 3.1375395987235626
36 670 2 74.97984699594817 -18.397330062711937 1.2173114839932526 6.210028390644264 2.4178968116895345 2.432154516061704 0.008018438477187528
37 1051 2 67.7354240074514 -3.5920282738530487 1.2153204843198135 15.082488665316589 2.872136650045813 2.054171058094216 3.1375395987235626
37 670 2 63.629541599874145 -16.346742412723728 1.0369638625536528 6.348799955432922 2.251166851109603 2.9213416423929344 0.008018438477187528
38 1051 2 66.00909384385122 -3.5278108513628816 1.2153204843198135 14.05744009913297 3.420627390885455 2.054171058094216 3.1375395987235626
38 670 2 50.586654026939286 -16.499433649286495 1.0369638625536528 6.854580042434306 2.489423860345435 2.9213416423929344 0.008018438477187528
39 1051 2 65.70249349711504 -3.785240231232528 0.9385175714331442 14.742777376675768 3.0168836852733425 2.054171058094216 3.1375395987235626
39 670 2 38.2180740337917 -16.881557421852513 1.1007232828069227 7.123239732308459 2.8640173061433987 2.9213416423929344 0.008018438477187528
40 1051 2 65.27174210025446 -4.022288905705093 1.1365708457876769 15.904922148341925 3.7272911666631505 1.7957939171536006 3.1375395987235626
40 670 2 25.13347088449844 -17.372941414149807 1.207093330804851 7.819167541649269 3.114929399470047 3.3895236836635685 0.008018438477187528
41 1051 2 63.637530449528306 -3.5010704944084567 1.1365708457876769 14.285053543614794 3.4351046660913456 1.7957939171536006 3.1375395987235626
41 670 2 11.715013243408174 -17.52396636099293 1.3560851707043877 7.3742572225912815 2.6355211193115076 3.687507363462642 0.008018438477187528
42 1051 2 62.279751729669506 -4.028986260898648 1.1365708457876769 13.915197671922163 3.4390833701785315 1.7957939171536006 3.1375395987235626
42 670 2 0.578021120958859 -17.5748226178278 1.4276532156234587 8.862556569039501 2.932260258598926 3.269402135781201 -0.01878703724564068
43 1051 2 61.37410389162088 -4.029771605091293 0.9893312869986471 14.184432933792385 3.7056302495710822 2.719684966848031 3.1375395987235626
43 670 2 -15.080053398961553 -17.16575030615411 1.5638651178915983 7.411438418680482 2.687863795474846 3.361231600812716 -0.006064065744516345
44 1051 2 60.76153068700204 -4.058807630877105 1.1365708457876769 14.459986863370652 3.642593102965707 1.7957939171536006 3.1375395987235626
44 670 2 -27.201478403734324 -17.562277533840273 1.7081198810537401 6.909727406994627 2.8989625706641355 3.720831061186923 0.0005501412327768573
45 1051 2 58.932344158945874 -3.9069103088152635 0.8143970276563588 12.834073349319832 3.5642383370974158 2.4401415534153275 3.1375395987235626
45 670 2 -37.579275976916215 -17.50883499543087 1.7081198810537401 6.895765608733356 2.6218064782250985 3.720831061186923 0.0005501412327768573
46 1051 2 59.03438613757424 -3.9455389549902273 0.6907488733528451 14.031451815505458 3.5855390632095916 2.988608480845984 3.1375395987235626
46 670 2 -54.51472293481873 -17.64684923404997 1.125999000680145 8.261329254631718 2.9647756530692595 2.556589300439733 0.0005501412327768573
47 1051 2 58.26782262504369 -4.0418441807545555 0.6719257096764166 14.775413246104037 2.96157472287976 2.725084189376121 3.1375395987235626
47 670 2 -60.37488954343321 -17.34000751317369 0.4661119261507026 6.877048673965326 2.728670603867394 2.8686286812551556 0.0005501412327768573
48 1051 2 57.18328037386544 -3.801647900136701 0.8224967071384002 14.163252187303023 3.5748858238920764 2.4239421944521538 3.1375395987235626
48 670 2 -79.14639824781989 -17.460805585439225 1.9357263802005376 7.877580732897934 2.202446433413286 2.3874471098750263 0.0005501412327768573
49 1051 2 56.76433820129589 -3.943745537434295 0.7117291984225307 14.614350671682281 3.5707246615784602 2.972963759391709 3.1375395987235626
49 670 2 -91.71812635412584 -17.47784846172954 1.0889113677356674 7.272722778153644 2.7698805354512546 4.081077134804767 0.0005501412327768573
50 1051 2 55.36634451759491 -2.993162624214261 0.5419032117128958 13.40316214634177 3.405753669937071 1.9899434370599225 3.1375395987235626
50 670 2 -103.46025561003913 -17.37924197842822 1.0889113677356674 6.934380599289403 2.939469068080249 4.081077134804767 0.0005501412327768573
51 1051 2 54.897805552764915 -2.791062176292271 1.0382978503429465 14.359633749089229 2.7949362079100912 2.7592106220637653 3.1375395987235626
51 670 2 -111.5439646388964 -17.910684169647965 0.7072770688968764 7.6043571599775275 2.711978636825448 2.2039421173315787 0.0005501412327768573
52 1051 2 54.15800323482256 -3.530061878846506 0.8472377527100269 14.1280442273175 2.9499042047207182 2.3744601033089 3.1375395987235626
53 1051 2 53.64733832159668 -3.3961103711656215 0.9295339134838907 14.121053875766487 3.226069413477104 2.2098677817611727 3.1375395987235626
54 1051 2 52.68453129736829 -3.3583937056896174 0.3773605723972311 13.937291578410264 3.26198100687143 2.140281971221924 3.1375395987235626
55 1051 2 52.646091437759075 -3.39772549726248 0.34532456023123004 14.85993477254085 3.342862766661612 1.9338688552896106 3.1375395987235626
55 1114 2 24.346404672398062 -21.249949238848103 0.0866615200285113 4.769241833220591 1.405776431175002 1.5562911129992234 -0.0034926328571451837
56 1051 2 51.41150379218917 -2.821193521671892 0.3453245602299795 13.295397803979526 2.8285555615103855 1.9338688552871095 3.1375395987235626
56 1114 2 9.673762380439484 -21.764273439050687 0.18234726943943574 5.493207095862196 2.010280463485958 2.2127489503684243 -0.0034926328571451837
57 1051 2 51.49512538764958 -3.495287558602601 0.3453245602307753 14.423126730878492 2.651976576359141 1.9338688552887011 3.1375395987235626
57 1114 2 -5.457293537139416 -21.84996403046414 0.5105761881251731 5.119768427809785 1.9266545023786745 1.5562911129969497 -0.0034926328571451837
58 1051 2 50.973914453687755 -3.1639146433344436 0.34532456023123004 14.815339954915697 2.9229181966191002 1.9338688552896106 3.1375395987235626
58 1114 2 -21.024944179234385 -22.6082141161125 0.5105761881251731 5.051181498858734 2.007699461346514 1.5562911129969497 -0.0034926328571451837
59 1051 2 51.40613192497841 -3.5495774921293477 1.0797336290163426 16.434476640426336 4.8889079341056725 2.6927094038526915 3.1375395987235626
59 1114 2 -35.64860713628825 -22.350514090537274 0.6373818942448458 4.639826906411921 2.220018868564988 0.9652190886051091 -0.0034926328571451837
60 1051 2 49.74493655392522 -3.611620800394536 0.4031751298394488 14.350917083596606 2.892384984918917 2.6927094038526915 3.1375395987235626
60 1114 2 -50.382016018822014 -21.94945821639242 0.6689232199097599 5.108054541675409 2.082389420201369 2.5088571787128098 -0.0034926328571451837
61 1051 2 49.817063608175324 -3.971003472270986 1.0797336290163426 14.584173850843754 2.794639150644652 2.6927094038526915 3.1375395987235626
62 1051 2 48.76228393478199 -3.7585398992678156 0.339102488094065 14.131216757071366 2.9159345378260215 2.125861617550458 3.1375395987235626
63 1051 2 48.010243199693164 -3.97011274171437 1.0797336290163426 14.0480249222959 2.742357311672834 2.6927094038526915 3.1375395987235626
64 1051 2 47.4592526683902 -4.035647793827243 1.0797336290163426 13.940552768418188 2.789830986914713 2.6927094038526915 3.1375395987235626
65 1051 2 46.99212494008807 -4.230454548256409 1.0797336290163426 13.717861695040868 3.0570780764838474 2.6927094038526915 3.1375395987235626
66 1051 2 46.67002657214796 -3.939366076849697 0.9287939497646551 14.065279286324195 2.2816293617626044 2.3908300453493165 3.1375395987235626
67 1051 2 46.66851709211684 -3.889833763751554 0.9287939497637456 14.491981046536974 2.4533840029259184 2.3908300453474975 3.1375395987235626
68 1051 2 45.90645995527112 -4.010024103342436 0.7838223587286638 13.67004680275996 2.726534647297825 2.3908300453493165 3.1375395987235626
69 1051 2 45.52306157474608 -3.737610740490858 0.23603663223157767 14.459342206415544 2.721975061004572 2.3908300453493165 3.1375395987235626
70 1051 2 46.03072458967434 -3.889050178079971 0.9287939497646551 15.132229034235465 2.5617666998796915 2.3908300453493165 3.1375395987235626
71 1051 2 45.805568864476804 -3.797985999791598 0.9287939497646551 14.681183108324694 3.1094912936301364 2.3908300453493165 3.1375395987235626
72 1051 2 45.3758088575282 -3.7722785237359626 0.9287939497646551 13.676975184383405 3.0618403361157056 2.3908300453493165 3.1375395987235626
73 1051 2 45.39417554781997 -3.864618617566543 0.9287939497646551 13.855122528838994 2.9646574209549583 2.3908300453493165 3.1375395987235626
74 1051 2 45.39216588616367 -4.0044402144542115 0.9287939497646551 13.852236644643767 2.6850002335680228 2.3908300453493165 3.1375395987235626
75 1051 2 45.4634711937229 -3.8722778987162907 0.9287939497646551 14.684658080969802 3.1226234739496155 2.3908300453493165 3.1375395987235626
76 1051 2 45.71268128316571 -3.9127359054526836 0.7741993733002573 14.492518810310832 2.871005470988864 2.3908300453493165 3.1375395987235626
77 1051 2 45.471017310557265 -3.7221204970918946 0.9287939497646551 15.414307176797143 3.1075477800225753 2.3908300453493165 3.1375395987235626
78 1051 2 44.566832484931396 -3.9242001404149542 0.9287939497646551 13.607590454077258 2.696062411637568 2.3908300453493165 3.1375395987235626
79 1051 2 44.31135988678467 -3.914621965619938 0.9287939497646551 13.096571812967907 2.7131477206403236 2.3908300453493165 3.1375395987235626
80 1051 2 44.35110183548535 -4.071662553079097 1.7387111002829205 13.177328042268194 2.399391277177982 3.829935502577558 3.1375395987235626
81 1051 2 44.392405159630734 -3.9937070909238503 1.407094100638794 14.106178486204831 3.063767283819057 3.166701503289305 3.1375395987235626
82 1051 2 44.36703793519001 -3.9216117660458227 1.407094100638794 13.20798365507651 2.699619565745747 3.166701503289305 3.1375395987235626
83 1051 2 44.69077877750716 -3.7318177577969363 0.9927319815846001 13.853921534699907 3.081828736061373 2.337977265180917 3.1375395987235626
84 1051 2 45.195048257529976 -3.7105728069501094 0.9927319815846001 14.862279997562856 3.4043405704850995 2.337977265180917 3.1375395987235626
85 1051 2 45.586760868870556 -3.797048916264553 0.9927319815846001 14.429634692882477 2.680688826787244 2.337977265180917 3.1375395987235626
86 1051 2 45.33833488418468 -3.7156841580723983 0.9927319815846001 13.28581085273644 3.068476177901034 2.337977265180917 -3.1388517577874495
87 1051 2 45.8822712741341 -3.985887388253797 0.9444759456921543 13.310454570171993 3.3750563414745667 2.2414651933960257 -3.1388517577874495
87 687 1 68.34745168599548 -17.71723897124469 0.4372049196575606 4.36529477624158 2.157700557679901 0.6971764385757917 -0.006524632686801812
88 1051 2 46.51734199262916 -4.01926946261261 0.9444759456921543 13.598233140164313 3.3048111225658183 2.2414651933960257 -3.1388517577874495
88 687 1 53.24807794949656 -18.142762120515137 0.4603189892051621 4.021821417984964 1.9837780269573049 2.877907735883534 -0.006524632686801812
89 1051 2 46.77171863577594 -3.910993277816697 0.9444759456921543 13.125402959509724 2.939155469040202 2.2414651933960257 -3.1388517577874495
89 687 1 36.58381653429629 -18.52543296968286 0.4833256335486037 3.250531641742531 2.2291496251665595 1.9109392702256849 -0.006524632686801812
90 1051 2 47.76677350094356 -4.141685337210719 0.39325836460274244 13.946296533901515 3.0518028931761885 1.7361710660318161 -3.1388517577874495
90 687 1 21.709363982541845 -18.557877746771922 0.27146519368292144 4.306579490341898 2.4320132026845096 2.5002001448390527 -0.006524632686801812
91 1051 2 47.972570009476215 -4.196245907500355 0.9927319815846001 13.633741166816499 2.94155403032442 2.337977265180917 -3.1388517577874495
91 687 1 5.407322559381219 -18.708863226712182 0.10370942112523907 4.0727993162271225 2.1199021610061433 2.164688599723688 -0.006524632686801812
92 1051 2 48.51232305330815 -3.8796352513400483 0.9927319815846001 13.432369615722706 3.0633903286570225 2.337977265180917 -3.1388517577874495
92 687 1 -6.470801176868834 -18.589102755516247 0.07444104025120452 4.029598056601176 1.8073674693603605 1.3148307162805863 -0.006524632686801812
93 1051 2 48.44389531437678 -4.044195681386669 0.4962496826849019 12.355423576867377 3.2430696364114726 1.8751478978913663 -3.1388517577874495
93 687 1 -26.35829290185383 -17.911236588606425 0.8513254480510183 4.268239057561392 1.8749874450527073 1.3791643313052402 -0.017921548698417222
93 672 2 53.144721930090306 -24.212626573611466 0.30635938117251527 5.5041855366630665 2.5924799334478936 2.8695881423324208 -0.020168341870310913
93 1052 1 30.448839440616407 -16.547920540425967 -0.6559755428534144 4.006651412391197 2.0788765279995793 1.4697084512788714 -0.00931051863211807
94 1051 2 48.9337359079656 -4.2312231153520585 0.4962496826849019 12.154933565584937 2.735313689253017 1.8751478978913663 -3.1388517577874495
94 687 1 -37.894308009703785 -19.36829718929289 0.8513254480510183 4.268239057561392 1.8749874450527073 1.3791643313052402 0.01387952390420577
94 672 2 39.61595626344116 -23.55633570620687 0.30635938117251527 5.5041855366630665 2.5924799334478936 2.8695881423324208 -0.012377507519886422
94 1052 1 27.06281477135668 -14.993784128500428 0.5811366862970336 4.006651412391197 2.0788765279995793 1.4697084512788714 -0.00931051863211807
95 1051 2 49.577939924756876 -4.1650181414112115 0.4962496826849019 12.154933565584937 2.735313689253017 1.8751478978913663 -3.1388517577874495
95 687 1 -57.49280344179821 -18.43174292551117 0.8513254480510183 4.268239057561392 1.8749874450527073 1.3791643313052402 0.00014067923895888512
95 672 2 22.832220643991178 -24.02323003727023 0.8929563203218271 5.5041855366630665 2.5924799334478936 2.8695881423324208 -0.012377507519886422
95 1052 1 11.043449931408539 -15.015276711061773 0.5811366862970336 4.006651412391197 2.0788765279995793 1.4697084512788714 -0.00931051863211807
95 680 2 88.58161378997153 -19.631201258601266 0.722887881350313 5.248386095766551 2.2688879758941325 1.486619288167544 -0.005644745577471966
96 1051 2 49.842216006453285 -3.842097419225358 0.9750218895983394 11.911997158694074 2.7353136892522794 2.4460624770944888 -3.1388517577874495
96 687 1 -72.75058948882213 -18.050237748263367 0.2407528229319364 4.31912388901835 1.874987445052745 2.32892686970054 0.00014067923895888512
96 672 2 8.28391577882056 -23.989811208526394 0.8929563203218271 5.5041855366630665 2.5924799334478936 2.8695881423324208 -0.012377507519886422
96 1052 1 -3.759489747949302 -14.973428228709823 0.532457855954553 4.006651412391078 1.9295491179102249 1.567066111963833 -0.00931051863211807
96 680 2 75.54172174488787 -18.665594314511285 0.722887881350313 5.248386095766551 2.2688879758941325 1.486619288167544 -0.005644745577471966
97 1051 2 50.60859497783289 -4.033314669360599 0.23849645960240395 12.154933565584937 2.735313689253017 1.8751478978913663 -3.1388517577874495
97 687 1 -89.29193122500956 -17.985129314670964 0.5317468105113783 4.307816148694597 1.830763680292802 1.650269902198907 0.00014067923895888512
97 672 2 -5.318252082791834 -24.123445918595703 0.8929563203218271 5.5041855366630665 2.5924799334478936 2.8695881423324208 -0.012377507519886422
97 1052 1 -20.22327991300647 -14.61750539879783 0.5811366862970336 4.006651412391197 2.0788765279995793 1.4697084512788714 -0.00931051863211807
97 680 2 60.90909088713923 -18.387871114362706 0.722887881350313 5.248386095766551 2.2688879758941325 1.486619288167544 -0.005644745577471966
98 1051 2 50.8663472327292 -4.032608195517978 0.23849645960240395 12.154933565584937 2.735313689253017 1.8751478978913663 -3.1388517577874495
98 687 1 -104.99547345865962 -17.804737387671988 0.06954144500654658 4.307816148694597 1.830763680292802 0.7258591711892434 0.00014067923895888512
98 672 2 -18.88507425727835 -24.43260950425145 0.8929563203218271 5.5041855366630665 2.5924799334478936 2.8695881423324208 -0.012377507519886422
98 1052 1 -31.778399911944064 -15.956784732669462 0.5811366862970336 4.006651412391197 2.0788765279995793 1.4697084512788714 -0.00931051863211807
98 680 2 47.36433503715608 -18.283538623827702 0.6375230831488035 5.300650846455732 2.2688879758940868 1.657348884570563 -0.005644745577471966
99 1051 2 51.510374629070974 -3.901964432242841 0.23849645960240395 12.154933565584937 2.735313689253017 1.8751478978913663 -3.1388517577874495
99 672 2 -34.48685135069917 -24.344301298875767 0.8929563203218271 5.5041855366630665 2.5924799334478936 2.8695881423324208 -0.012377507519886422
99 1052 1 -51.096796785283665 -15.206371470230998 0.578470496147999 4.006651412391148 1.9616669896619559 2.072267424959909 -0.00931051863211807
99 680 2 32.72819926074902 -17.80855354312638 1.1354460642726125 5.3006508464555 2.2161040266332295 1.8086611685869831 -0.005644745577471966
99 688 2 85.7902135162364 -20.37279328056797 -2.01289876851485 5.216832836806347 2.5209304782615365 0.7620345004486557 -0.007335935957816897
