0 567 2 17.008514835395587 -5.191428670000869 0.013124021780069661 4.650060069967627 1.5140795972683068 2.5938676158266016 1.7170529948313664
0 568 1 -64.07180612808529 -6.861694569164752 -0.459184717975226 4.0297897471550765 1.9469899961390422 2.312353509407355 -3.0306153881543736
0 569 1 18.326343563073003 -13.9867430802909 -1.3015957728564738 3.9768411874566767 1.5637155750216476 1.9224263650772677 1.714816502449696
0 570 2 7.456690262845391 -25.133901324310997 -0.8900222518776117 9.825690854536694 2.5515439361431995 4.421093799125907 0.09896388577390502
0 571 2 -11.261345369570952 -22.19600094792819 -0.22334228691392688 8.743585628663968 2.093466097338855 2.6574664852997527 -0.7489948475912176
1 567 2 16.817798161904474 -4.915212388531886 0.013124021779842288 4.68690055056184 1.6129543767268402 2.593867615826147 1.7384335111045703
1 568 1 -57.21231626759906 -7.7252973983597135 -0.45918471797516913 3.942642006879199 2.009992351089548 2.3123535094074685 3.127305631584677
1 569 1 18.245584246456662 -13.716166297527002 -1.3015957728564738 3.9768411874566767 1.5637155750216476 1.9224263650772677 1.7607824161425265
1 570 2 7.381505247201374 -25.002085087599006 -0.880495415236568 10.151197683001103 2.806118259042204 4.421093799124323 0.14403557726881888
1 571 2 -11.803597910886772 -22.03600804862588 -0.22334228691279 8.24073899963682 2.0677044626691865 2.6574664853020264 -0.7227283119601702
2 567 2 16.685131416252915 -4.636466183922586 0.10005735993901543 4.5293713291424815 1.8941506852510062 2.7677342921444934 1.7528887514521387
2 568 1 -63.85871294818592 -7.6398912321717765 -0.45918471797516913 4.058871262339122 1.9460146991771132 2.3123535094074685 -3.103327834098925
2 569 1 18.07734936313444 -13.541930583321703 -1.3015957728564738 3.9768411874566767 1.5637155750216476 1.9224263650772677 1.736526053375694
2 570 2 7.351077645976445 -24.668133125390106 -0.7951334114659794 10.044218229951172 2.3824750570255775 4.545957124607208 0.16305635557932985
2 571 2 -11.462545339092252 -22.43921647906871 0.18814312477007872 9.340953799791393 2.3958483143635068 2.7391789127891695 -0.7211366464847961
3 567 2 16.384215099183862 -4.3148891795687225 0.24302046954530834 4.647042775747003 1.8710518540295535 2.767734292144266 1.7910666504183093
3 568 1 -64.67060890892233 -10.138869072281365 -0.45918471797516913 4.044854296646493 2.0190213655786127 2.3123535094074685 -3.012226705567792
3 569 1 17.97729521908082 -13.21183458343689 -0.7237750280643735 3.976841187456676 1.5637155750216474 2.041834312731614 1.7100859353584927
3 570 2 7.4861723812207925 -24.618933791687475 -0.5031292768311841 10.170279144722935 2.5744736193923607 4.493797751928409 0.17692822108250894
3 571 2 -11.35756504126606 -22.632828105061236 0.18814312477007872 9.008265091505196 2.395848314363494 2.7391789127891695 -0.7084990886525409
4 567 2 16.064149008372333 -3.8395117822542977 0.24302046954638837 4.795122332715855 1.8952599179242662 2.767734292146426 1.7984602310338769
4 568 1 -64.67530221833042 -11.810991533321735 -0.45918471797516913 3.933880208055188 1.8252175691660675 2.3123535094074685 -2.9269274676538513
4 569 1 17.903425669534332 -12.835133722363175 -0.7237750280643735 3.976841187456676 1.5637155750216474 2.041834312731614 1.7018611403659216
4 570 2 7.793892478376168 -24.867995888933415 -0.5057597280377264 10.207939557442954 3.172333915532098 4.460340634756988 0.17692822108250894
4 571 2 -11.23807865883408 -23.148959998748246 0.2809003171254379 9.019625895419004 2.72207462210897 3.167350941709318 -0.7084990886525409
5 567 2 15.630837277689597 -3.342366816573487 0.24302046954530834 4.772891858394746 1.5628101578531226 2.767734292144266 1.8421959996491135
5 568 1 -65.0407281622046 -11.88039464526812 -0.45918471797516913 3.902486513283215 2.0210610072786754 2.3123535094074685 -3.103327834098925
5 569 1 17.75304737642625 -12.179888782152545 -0.47709435913873355 3.976841187456676 1.5637155750216474 2.041834312731614 1.750807215965466
5 570 2 7.869507212063644 -23.942563128498897 -0.44396431039001083 10.328129769769788 2.1495398686301876 4.460340634754163 0.22644523265232497
5 571 2 -11.000370131089687 -23.17090549977078 0.2683975930857779 9.245876576956443 2.4509467959100983 3.142345493629998 -0.6875597411418318
6 567 2 15.488820928361099 -2.805465225439854 0.24302046954530834 4.908121995539029 1.988073091877071 2.767734292144266 1.8589659158734992
6 569 1 17.69500348199586 -11.580565972726298 -0.520033803165562 4.061717592606316 1.6400060338718307 2.041834312731614 1.8147929762459118
6 570 2 8.218334864435244 -23.889169109003028 -0.15697332208246007 10.495827720418921 2.3917823036021044 5.031682617124831 0.26330458169115256
6 571 2 -10.510462661446754 -23.612282856825612 0.2683975930857779 9.509846524330946 2.4562540116525016 3.142345493629998 -0.6596437838751459
7 567 2 15.09724558416243 -2.0914316516993474 0.327810799800865 4.908121995539029 1.988073091877071 2.767734292144266 1.9188257937427222
7 568 1 -64.4885515232992 -19.017348773139094 -0.45918471797516913 4.050995143606161 2.0783256960183727 2.3123535094074685 -2.8214083847455225
7 569 1 17.6816483339668 -10.804091522402631 -0.2529949638950807 4.037612767785601 1.5877722558641476 2.610501243194251 1.8808892947941924
7 570 2 9.0611935484049 -23.59224565227309 -0.14404957203962976 10.155572440613017 2.448455047243695 5.03168261712475 0.3109878279069924
7 571 2 -9.949834276318061 -24.149077533367663 0.2683975930857779 9.028836879762142 2.3704367112711893 3.142345493629998 -0.5813726433538677
8 567 2 14.504877099415694 -1.2918850255340604 0.32781079980052397 4.942765991865078 1.8245764581713089 2.767734292143584 1.9609344791093366
8 568 1 -63.68827355939956 -22.379993850878513 -0.45918471797516913 3.7631940416788145 1.8770545407045094 2.3123535094074685 -2.7701481863313777
8 569 1 17.617144090457444 -9.922615010937516 -0.2529949638950807 4.061717592606198 1.7565060296082908 2.610501243194251 1.906253832744457
8 570 2 9.917481282314348 -23.170349457993673 0.018297413702119236 10.57814578118734 3.17233391553116 5.031682617124481 0.3660096887655453
8 571 2 -9.345732338081728 -25.18301804762563 0.2683975930857779 9.398732060766498 3.202204856484755 3.142345493629998 -0.5070220548583351
9 567 2 13.954628360736418 -0.4698660631103564 0.3082607322631017 4.7904160667916 1.9297470255866134 2.8068344272197927 2.0357107884017935
9 568 1 -63.24535136720842 -25.350585434839576 -0.3521755526003178 4.013765541066879 1.9600070753856356 2.3123535094067864 -2.715661460294946
9 569 1 17.6790643171404 -8.771638553517096 -0.10776588820221283 4.061717592606198 1.7565060296082908 2.610501243194251 1.9421934071055844
9 570 2 10.332313947399252 -22.660410222274244 0.04920151086443614 10.601609175260139 3.422615930893104 5.031682617124448 0.4215972096787912
9 571 2 -8.205021206556767 -25.241088508496773 -0.011817141630934225 9.222101443174765 2.6183416286298007 3.142345493629998 -0.43016143267028095
10 567 2 13.179749134181534 0.47731732273208727 0.5379522609984636 4.827738346935087 1.788240784465326 2.767734292144266 2.1055993418439645
10 568 1 -62.03277365909171 -29.524371948612895 -0.45918471797516913 3.7631940416788145 1.8770545407045094 2.3123535094074685 -2.5947344528914913
10 569 1 17.45483395769051 -7.453422364895167 0.007728262212828019 3.9332829474210724 1.8136474851922195 2.610501243194251 1.9827560437191378
10 570 2 11.454464161955489 -21.883176600567783 0.276878623525211 10.363191054690388 3.0747742255348864 5.031682617123369 0.4969715778003261
10 571 2 -7.459749205416283 -26.116042863661498 0.6311600284124415 9.126798885767043 2.9526243334130275 3.867870364283325 -0.3881848534694392
11 567 2 12.490212167093198 1.3623600770131326 0.5379522609975541 4.727137272874741 1.8575431378187774 2.767734292142447 2.171912977076582
11 568 1 -59.66859053231645 -34.23339001911965 -0.45918471797516913 3.7631940416788145 1.8770545407045094 2.3123535094074685 -2.5600330222344714
11 569 1 17.41825710480391 -6.643708263056131 0.017327350935657793 4.4040117126164064 1.9275287238704168 2.3161291890386906 2.0620595751499247
11 570 2 12.253701295394928 -21.035842805290198 0.32730292359550095 10.307982030214466 2.972531493108382 5.031682617124491 0.575115552529887
11 571 2 -6.268385702794368 -26.60088181432624 0.6311600284116456 9.09633930109083 3.1078508661468778 3.8678703642817336 -0.3422401976613192
12 567 2 11.651129083882953 2.1431719545250227 0.5379522609975541 4.706082769890331 1.8021265854299655 2.767734292142447 2.2485218160080045
12 568 1 -59.243270753144394 -37.83000465409635 -0.45918471797516913 3.7631940416788145 1.8770545407045094 2.3123535094074685 -2.5600330222344714
12 569 1 17.09186517953154 -5.312338576106329 0.017327350935657793 4.22743415842304 1.9445482471661577 2.3161291890386906 2.2075342609812836
12 570 2 13.056123762993561 -20.174828668543174 0.378623287656656 10.401069562534921 2.975729852019357 5.0316826171220415 0.6633343805326
12 571 2 -5.104550275607773 -27.08259996922426 0.6531345813294507 9.098323483003494 2.8192764364718563 3.8678703642817336 -0.2517596157380324
13 567 2 10.77452288472668 2.907187571122591 0.6519066028280449 4.9415540385816845 1.992183638209277 2.4284119996043327 2.289067534257239
13 568 1 -56.32679026964765 -42.213087608849946 -0.45918471797516913 3.476008565893095 1.9167762291945358 2.3123535094074685 -2.5600330222344714
13 569 1 16.686886870757075 -4.052175354185637 0.11842502172222497 4.038494506746719 1.8395883564309727 2.3161291890386906 2.2652022079023033
13 570 2 13.672073132264442 -19.30130044312357 0.7000600045177068 10.113699202271443 3.1560465799937636 4.708545149791615 0.7128513921024151
13 571 2 -4.155388455974847 -27.22256151103752 0.6531345813294507 8.682566547384024 2.8159994006777787 3.8678703642817336 -0.2042471090017013
14 567 2 10.000570313371467 3.4776756547206182 0.6519066028268228 4.716706608446472 1.8234429160580836 2.4284119996018885 2.361375856586519
14 568 1 -53.97786118022736 -46.543056703567274 -0.45918471797516913 3.7631940416788145 1.8770545407045094 2.3123535094074685 -2.4007512918449816
14 569 1 16.266284559419738 -3.112151578361762 0.11842502172222497 4.091204485014354 1.707826395426069 2.3161291890386906 2.2814279643334445
14 570 2 14.235471486237621 -18.378937239148904 0.7575348806431181 10.25764590531311 3.2396536254861528 4.708545149792591 0.7650156009171498
14 571 2 -2.7452567937691104 -27.64025059549406 0.6531345813294507 9.314258951602937 2.954049535556606 3.8678703642817336 -0.11536046636355901
15 567 2 9.157465078130757 3.9747819780770235 0.6519066028280449 4.9415540385816845 1.992183638209277 2.4284119996043327 2.427806032230198
15 568 1 -51.70674209225347 -48.72511445359948 -0.45918471797516913 3.7631940416788145 1.8770545407045094 2.3123535094074685 -2.3352712669215165
15 569 1 15.80488513665938 -2.218976090656933 0.11842502172222497 4.4040117126164064 1.9275287238704168 2.3161291890386906 2.3784851322028118
15 570 2 14.737400409355303 -17.484538944296993 0.8136415109099859 10.677065414043238 3.1723339155316355 4.708545149791665 0.803982221433865
15 571 2 -1.7559849388331807 -27.756861937873786 0.6531345813294507 9.599890159128254 3.3710295307961076 3.8678703642817336 -0.0675069116058733
16 567 2 8.646793191109166 4.2825672461459146 0.6259565855188842 4.625428258364221 1.712271548854896 2.4284119996043327 2.427806032230198
16 568 1 -50.378260605147915 -49.60470778198141 -0.45918471797516913 3.7631940416788145 1.8770545407045094 2.3123535094074685 -2.2633235973581343
16 569 1 15.464065943113251 -1.7255498718969724 0.1184250217234471 4.067344319908389 1.610150793602469 2.316129189041135 2.411462862956549
16 570 2 14.909220533130162 -17.110102418792064 1.0094887544004623 10.425871543402184 2.865802202943656 4.708545149793981 0.8745915573183325
16 571 2 -1.0912793194917134 -27.725546763097334 0.6531345813294507 9.313865506022495 2.830681899662234 3.8678703642817336 -0.016086439980705025
17 567 2 8.15529848635646 4.584951655982096 0.6259565855188842 4.736094809872774 1.735973286886073 2.4284119996043327 2.427806032230198
17 568 1 -49.66384414525419 -52.148466937478716 -0.45918471797516913 3.7631940416788145 1.8770545407045094 2.3123535094074685 -2.2633235973581343
17 569 1 15.135521484236753 -1.1256500570312227 0.11842502172222497 3.9434004214077665 1.6701546969962489 2.3161291890386906 2.4431354362213287
17 570 2 15.172083463613637 -16.622068797059388 1.0401965730134863 10.252558837020652 2.9259498541156757 4.708545149790903 0.9169263084684744
17 571 2 -0.3374658231415961 -27.721547211290975 0.6531345813294507 8.732347781509683 2.794082644468211 3.8678703642817336 -0.015263453361241908
18 567 2 7.692929571985576 4.803921636116937 0.6259565855188842 4.681209560498688 1.9034416235310672 2.4284119996043327 2.488223903276998
18 568 1 -48.50992181379121 -53.600804826194754 -0.45918471797516913 3.7631940416788145 1.8770545407045094 2.3123535094074685 -2.2188095922868967
18 569 1 14.855226566688389 -0.7767826462920769 0.11842502172196917 3.9902783663728707 1.6585812124654906 2.316129189038179 2.4925796402979254
18 570 2 15.142314181973983 -16.464331317392908 1.1097896229315412 10.30935995066996 3.203909390352488 4.708545149792861 0.9169263084684744
18 571 2 -0.03967645951966725 -27.726695234514796 0.6531345813294507 9.240052586378226 2.97321768340095 3.8678703642817336 0.01375597407512874
19 567 2 7.063866614537429 5.073202018951369 0.6259565855188842 4.690109947225414 1.701136531750819 2.4284119996043327 2.527268838697096
19 568 1 -71.51043601903396 -86.64682556960425 -0.45918471797516913 3.7631940416788145 1.8770545407045094 2.3123535094074685 -2.2633235973581343
19 569 1 14.334138866288583 -0.3048779246612488 0.11842502172347552 3.9574920360142545 1.7503113901445 2.3161291890411917 2.544943330878967
19 570 2 15.308196634103602 -15.735135234566354 1.0988845134925187 10.374165320620286 3.0341450987746104 4.7085451497918465 0.9693945199593279
19 571 2 0.17147535746513975 -27.613667832733263 0.6531345813294507 9.318700363908023 2.767131871054173 3.8678703642817336 0.02922228126075055
20 567 2 6.467401445789537 5.315988002160029 0.6259565855188842 4.760518180962413 1.7527551880636594 2.4284119996043327 2.5599233877456657
20 569 1 13.852246939733178 0.1504620950487473 0.11842502172222497 3.9941936722918405 1.6696121865005376 2.3161291890386906 2.544943330878967
20 570 2 15.27849150593661 -15.380722337053722 1.1230450038116517 10.26923757367468 3.2402557834508476 4.708545149791794 0.9693945199593279
20 571 2 0.6444129180078724 -27.68955107315739 0.6531345813294507 9.67181995484837 2.8587971549813855 3.8678703642817336 0.08792736430925996
21 567 2 5.745950179435748 5.522470302462879 0.6259565855188842 4.781089673736335 1.797203722997645 2.4284119996043327 2.611806764426474
21 569 1 13.331259475814935 0.5594274975385785 0.11842502172222497 4.088142104058332 1.7465141550359686 2.3161291890386906 2.5882757348545447
21 570 2 15.180241887250116 -14.905152134395848 1.1559572410684753 10.514474220715408 3.1035961752628465 4.708545149791776 1.0196665919570553
21 571 2 0.8235301329865998 -27.711724475254893 0.6531345813294507 9.506463874898527 2.8213243735858544 3.8678703642817336 0.11454337366776968
22 567 2 4.962757240456683 5.711569831659171 0.37736234480253383 4.823000021407307 1.7972037229976172 2.4284119996043327 2.639918864421259
22 569 1 12.684350524036045 1.0445896652553281 0.11842502172222497 4.033845510167865 1.7831008851304557 2.3161291890386906 2.625119463340255
22 570 2 15.091226839759731 -14.35970533184532 1.1935057341830175 10.096762363729711 3.0155644736004756 4.708545149793357 1.0518294710032836
22 571 2 1.0678110648645895 -27.77136514629109 0.6531345813294507 9.592020141465248 2.861005104461619 3.8678703642817336 0.1552678739282527
23 567 2 4.1431511902474245 5.809056510327736 0.37736234480253383 4.781089673736335 1.797203722997645 2.4284119996043327 2.675554396225796
23 569 1 12.050266822505932 1.4248186638877178 0.17738412775204787 4.260845417526497 1.683003501854049 1.659334081762224 2.6623462050119198
23 570 2 14.964217549686945 -13.724216606132945 1.237449188029129 10.31638341899444 3.280228288377275 4.708545149789289 1.107823634579383
23 571 2 1.5030639735218936 -27.75576975798907 0.6531345813294507 9.497024419770494 3.041466676884943 3.8678703642817336 0.2030946221285399
24 567 2 3.4074420063167157 6.017472203558806 0.37736234480253383 4.781089673736335 1.797203722997645 2.4284119996043327 2.702898006844034
24 569 1 11.338413776727966 1.73342072582132 0.17738412775204787 4.133152193204678 1.672415445694104 1.659334081762224 2.6967412374240514
24 570 2 14.86048585019249 -13.374650287736586 1.2619069732793635 10.285293720571916 3.187332887158188 4.708545149792882 1.1303627168536163
24 571 2 2.0224891390230044 -27.621539453401862 0.6531345813294507 9.509775316261925 2.8508523283076825 3.8678703642817336 0.2030946221285399
25 567 2 2.7092299877534733 6.022468633307013 0.37736234480253383 4.781089673736335 1.797203722997645 2.4284119996043327 2.7475610228540557
25 569 1 10.835676724221976 2.054256600102077 0.2676000672664584 4.175100708268242 1.557760776453846 1.6743699474047888 2.7306840534595764
25 570 2 14.645010574297633 -12.962762767686765 1.2915115030804687 10.1152789435399 3.2903326741397265 4.7085451497922275 1.15708241417025
25 571 2 2.3525112181123013 -27.541179658517528 0.6531345813294507 9.499371397068094 2.79090965827157 3.8678703642817336 0.2699963045134537
26 567 2 1.9793009359563034 6.1006209452907925 0.37736234480253383 4.703178023033452 1.7749432513682524 2.4284119996043327 2.7817357464702512
26 569 1 10.3350932862013 2.3337938029832297 0.29021899286375247 3.9480385792757726 1.6378831601579276 1.6653223771677699 2.7306840534595764
26 570 2 14.606001244274161 -12.485569820995469 1.3240336457997701 10.127290142331983 3.246606572320831 4.708545149792155 1.1814183795852835
26 571 2 2.5696400353739253 -27.422564535314727 0.6531345813294507 9.497094901479716 2.979431595512199 3.8678703642817336 0.2699963045134537
27 567 2 1.239854142842104 6.144677645044839 0.37736234480253383 4.934180228411858 1.7972037229976454 2.4284119996043327 2.8168706666317043
27 569 1 9.690160627844879 2.665749193823147 0.2943762443566856 4.040465875432119 1.6583571924973912 1.6570078741819037 2.8391517726584805
27 570 2 14.46520731807064 -12.221153494662321 1.3430594457859089 10.587044381472479 3.2466065723209487 4.708545149792254 1.2329515017203825
27 571 2 3.1965809373604857 -27.444510640442022 0.6531345813294507 9.599890159128254 3.3710295307961076 3.8678703642817336 0.31951331608326883
28 567 2 0.6004759545197225 6.210448304954014 0.3765644798545775 4.9923095009132 1.9466774023314277 2.4300077295002454 2.838106411973734
28 569 1 9.153723975612 2.862617747773043 0.3069093248818068 4.088490893536105 1.6848358209624488 1.6319417131316611 2.8391517726584805
28 570 2 14.390901431026718 -11.397218855310976 1.3992717036070959 9.642726799291545 3.048619350338458 4.7085451497920845 1.2659292324741198
28 571 2 3.3248300059160156 -27.278320291323016 0.6531345813294507 9.287273511874469 2.8065723915289857 3.8678703642817336 0.3466713231586114
29 567 2 -0.23490936387699146 6.1767554084109 0.3765644798534691 5.027223541164119 1.9180339200562173 2.4300077294980285 2.9045365876174136
29 569 1 8.501610161063677 3.3122726741505426 0.33904506902059706 4.037224748110228 1.7174612745665583 1.5676702248540806 2.8179160273164507
29 570 2 14.228695642254069 -11.038744657107562 1.4248235564016314 10.00907588055095 3.1758441640826125 4.708545149792121 1.3089134923418912
29 571 2 3.7230896307763963 -27.282324428163072 0.6531345813294507 9.32446357757529 3.2374893700431566 3.8678703642817336 0.38335211091526356
30 567 2 -0.9775214806708152 6.157873474033831 0.3765644798545775 5.071628231030674 1.8674914674470002 2.4300077295002454 2.9045365876174136
30 569 1 7.7999274718553 3.5498017494132483 0.33904506902059706 3.92997301215747 1.6058219252533767 1.5676702248540806 2.854867776471406
30 570 2 13.930138209191544 -10.596617025394766 1.3538905513723245 10.055061087643914 3.1655838321006993 4.502464357841802 1.3464105626088267
30 571 2 4.315191000961957 -27.176451720760152 0.6531345813294507 9.599890159128254 3.3710295307961076 3.8678703642817336 0.42382612444135304
31 567 2 -1.8417694554266006 6.109541301644088 0.3765644798545775 5.206936218757353 1.9165717196589698 2.4300077295002454 2.9517319471836476
31 569 1 7.284783040210505 3.957174755853109 0.33904506902059706 4.195690257882075 1.6707996245724093 1.5676702248540806 2.922815941880298
31 570 2 14.016004264318193 -9.97205830652126 1.395301458551324 10.088690312733446 3.314513257497771 4.502464357841835 1.386860661913507
31 571 2 4.830459701617254 -26.993343074547347 0.6531345813294507 9.469140110710454 3.282849265584088 3.8678703642817336 0.47791004351943833
32 567 2 -2.56619968311877 5.970046247149858 0.3765644798545775 5.328541108256878 1.9165717196589662 2.4300077295002454 2.9998874602435626
32 569 1 6.657490679723088 4.280144895545724 0.33904506902059706 4.102535802915143 1.9059732421534887 1.5676702248540806 2.922815941880298
32 570 2 13.861676939099082 -9.347561592085475 1.4387337229737165 10.041129084622707 3.1537110100749643 4.502464357841929 1.4084013153131298
32 571 2 5.624951376322301 -26.764666776001846 0.6531345813294507 9.275538223692651 3.0326577103007897 3.8678703642817336 0.4982807397724365
33 567 2 -3.2653402844119332 5.83564311129932 0.3765644798545775 5.328541108256878 1.9165717196589662 2.4300077295002454 3.0470699546164095
33 569 1 6.059697066607232 4.582450060076077 0.33904506902059706 4.134241804845303 1.9443206196358052 1.5676702248540806 3.015243463428365
33 570 2 13.834097577797584 -8.724591688473323 1.308564664415237 10.088690312733446 3.314513257497771 4.502464357841835 1.4516837112220702
33 571 2 6.206065778644053 -26.56195062291862 0.6531345813294507 9.244473082157246 3.3710295307960982 3.8678703642817336 0.5607023575604293
34 567 2 -3.828067327466136 5.566088434952128 0.3765644798545775 5.095029199830615 1.7659814984292046 2.4300077295002454 3.099978813212465
34 569 1 5.588774276244738 4.828249304641158 0.33904506902059706 4.134241804845303 1.9443206196358052 1.5676702248540806 3.015243463428365
34 570 2 13.907183824060679 -8.245204065032295 1.3402895709249174 10.088690312733446 3.314513257497771 4.502464357841835 1.4994340276830118
34 571 2 7.052076992612137 -26.298676267824032 0.6531345813284275 9.110002955872503 3.2497891751444428 3.8678703642796872 0.6031765954814463
35 567 2 -4.423247052020446 5.44650681732951 0.3765644798545775 5.128685852617958 1.9228272581553776 2.4300077295002454 3.119005172954564
35 569 1 5.102192981058653 5.025623885338854 0.33904506902059706 4.134241804845303 1.9443206196358052 1.5676702248540806 3.077988218653979
35 570 2 13.834780609241244 -7.688999877846856 1.5509642994175339 10.038041108256678 3.129325023307855 4.502464357841766 1.5258305354234785
35 571 2 7.806348151196719 -25.979112630205055 0.6531345813294507 9.40232230043622 3.3710295307961085 3.8678703642817336 0.618184849384797
36 567 2 -4.887550041849232 5.2671849626725855 0.3765644798545775 5.128685852617958 1.9228272581553776 2.4300077295002454 -3.113953113867707
36 569 1 4.658045980848305 5.159732028604212 0.33904506902059706 4.134241804845303 1.9443206196358052 1.5676702248540806 3.1261437317138947
36 570 2 13.859652647543069 -7.429786632960655 1.5682420266701955 9.698022070390152 3.1869260886215036 4.502464357840968 1.5726175161133176
36 571 2 8.200058264565667 -25.68093981555291 0.6531345813294507 8.992241399874255 3.0988109571020592 3.8678703642817336 0.652604535945446
37 567 2 -5.281785610355048 5.134066397593338 0.3765644798545775 5.128685852617958 1.9228272581553776 2.4300077295002454 -3.104494664695248
37 569 1 4.161675252682592 5.35496463601506 0.33904506902059706 4.134241804845303 1.9443206196358052 1.5676702248540806 -3.129125618199005
37 570 2 13.684040124279585 -6.823408101517101 1.6106314694621107 9.75913587094273 3.2918743317908827 4.502464357841772 1.6149203063835875
37 571 2 8.867337104197002 -25.39616922657937 0.6531345813294507 9.40232230043622 3.3710295307961085 3.8678703642817336 0.6801363038256576
38 567 2 -5.751636757357716 4.919291447792372 0.3765644798545775 5.183623891315119 1.9338504213936898 2.4300077295002454 -3.080578295622014
38 569 1 3.7570943444568066 5.45401430172733 0.33904506902059706 4.134241804845303 1.9443206196358052 1.5676702248540806 -3.090247325479134
38 570 2 13.800728226801235 -6.560460108910659 1.6273868755503473 10.088690312733446 3.314513257497771 4.502464357841835 1.6483606434976434
38 571 2 9.414878999453704 -25.090463681840475 0.6531345813294507 9.34505575462351 3.102317277367199 3.8678703642817336 0.725134051358026
39 567 2 -6.154721238240651 4.643009757632694 0.3765644798545775 5.054311759457347 1.871780598101971 2.4300077295002454 -3.0034082610467956
39 569 1 3.4698465545608945 5.554742506099322 0.33904506902059706 3.938150682585812 1.8029526012626913 1.5676702248540806 -3.0484674385117416
39 570 2 13.713253833041694 -5.986210252748572 1.3666833288444145 9.716547032774947 3.230052931760547 3.9034827322722645 1.6641280620752563
39 571 2 9.980703724763579 -24.716931191745083 0.43408523785617403 9.241365615579532 3.1541922149481123 3.42977167733518 0.7473115607254956
40 567 2 -6.469261193363766 4.544787098199184 0.3765644798545775 5.183623891315119 1.9338504213936898 2.4300077295002454 -3.003408261046796
40 569 1 3.1631594903495555 5.490504026830408 0.33904506902059706 3.954153421579117 1.6635201440117031 1.5676702248540806 -3.0484674385117416
40 570 2 13.626340099795687 -5.6006722552205925 1.129576749971707 9.937042927733456 3.314513257494599 4.476796981093609 1.690120350027906
40 571 2 10.331449150304847 -24.4323628025329 0.43408523785617403 9.138929537387178 2.7754882602281814 3.42977167733518 0.7604470941935886
41 567 2 -6.788388038218338 4.373900371238343 0.3765644798545775 5.183623891315119 1.9338504213936898 2.4300077295002454 -2.974340779292821
41 569 1 2.6576161741265536 5.6121251248607535 0.33904506902059706 4.081814455513381 1.7158257954944849 1.5676702248540806 -3.018457688809699
41 570 2 13.610529940463206 -5.273470673338926 1.1517842899049269 9.820610638452568 3.2553525096789904 4.476796981094003 1.7186432829634106
41 571 2 10.912897378975401 -24.17372647409846 0.43408523785617403 8.455648895391727 3.060801337347433 3.42977167733518 0.7794021696849418
42 567 2 -7.04827818083072 4.201823922108894 0.3765644798545775 5.183623891315119 1.9338504213936898 2.4300077295002454 -2.947356777238973
42 569 1 2.3310205098703074 5.704277161672407 0.33904506902059706 4.100039869265409 1.8274564547254784 1.5676702248540806 -2.99676127469873
42 570 2 13.52393107159165 -5.068058522842497 1.2030560081070587 10.079506299256762 3.3145132574949674 4.403598803946199 1.7374867531807623
42 571 2 11.254254547325395 -24.00394842721692 0.43408523785617403 8.916600261106836 3.2149879917147355 3.42977167733518 0.8363814240952099
43 567 2 -7.3083514791028685 4.141737231969648 0.37656447985565755 5.092975814687106 1.9090889851455501 2.4300077295024054 -2.9336824159420516
43 569 1 2.089194620787178 5.7532583981224334 0.33904506902059706 4.008755568552374 1.8274564547254795 1.5676702248540806 -2.960610665662056
43 570 2 13.388457278241324 -4.708551093343521 1.2284521367040964 10.079506299256755 3.1500352276034773 4.403598803943783 1.7709470636304125
43 571 2 11.5975436632571 -23.694673402577944 0.43408523785617403 9.108236044667228 3.1158390034032486 3.42977167733518 0.8441182136293142
44 567 2 -7.6192135534670715 3.861124182071844 0.3765644798545775 5.288556488253932 1.8507070264311045 2.4300077295002454 -2.9063950756791526
44 569 1 1.7210594976127593 5.7730075127338765 0.33904506902059706 4.0385939578625365 1.7933198372794443 1.5676702248540806 -2.9471207588820345
44 570 2 13.363431631543632 -4.385042657101549 1.2504882373498742 9.996478908814684 3.334929828915178 4.403598803946176 1.7762590986587097
44 571 2 11.84726519886875 -23.45417100576617 0.43408523785617403 9.239959421021636 3.2557950907798046 3.42977167733518 0.8441182136293142
45 567 2 -7.958650577488282 3.7296375725838256 0.3765644798545775 5.233794514267666 1.9475046176454607 2.4300077295002454 -2.8991092301023063
45 569 1 1.4199165934292108 5.8287917006333885 0.33904506902059706 4.100039869265409 1.8274564547254784 1.5676702248540806 -2.905836140821994
45 570 2 13.288411934142419 -4.079291171779898 1.2717479868931503 9.996478908814684 3.334929828915178 4.403598803946176 1.8108559190155207
45 571 2 12.283589175114047 -23.201196250038294 0.43408523785617403 9.239959421021636 3.2557950907798046 3.42977167733518 0.9059349042375362
46 567 2 -8.153912918297776 3.6216560919077665 0.3765644798545775 5.334545374062828 1.946865605849715 2.4300077295002454 -2.8790455025626285
46 569 1 1.2923998756114305 5.7981591593410196 0.33904506902059706 4.100039869265409 1.8274564547254784 1.5676702248540806 -2.905836140821994
46 570 2 13.113891923638962 -3.94977242908792 1.2819575138855623 9.996478908814684 3.334929828915178 4.403598803946176 1.8406607549821303
46 571 2 12.433007733167692 -23.01059290743444 0.43408523785617403 9.239959421021636 3.2557950907798046 3.42977167733518 0.9059349042375362
47 567 2 -8.09207412894013 3.650910069931279 0.3765644798545775 5.232318459235087 1.9242680773088454 2.4300077295002454 -2.8656459695626673
47 569 1 1.4175909064341639 5.800754763187137 0.33904506902059706 3.8979696282070226 1.648308089294256 1.5676702248540806 -2.905836140821994
47 570 2 13.113891923638962 -3.94977242908792 1.2819575138855623 9.996478908814684 3.334929828915178 4.403598803946176 1.8351738415962666
47 571 2 12.413248892610362 -23.084881424917363 0.43408523785617403 9.250778418175743 2.981868702712312 3.42977167733518 0.8990974039561821
48 567 2 -8.09207412894013 3.650910069931279 0.3765644798545775 5.232318459235087 1.9242680773088454 2.4300077295002454 -2.8783976694240403
48 569 1 1.4548157435021567 5.756176241126882 0.33904506902059706 3.751353766615009 1.5965054023784542 1.5676702248540806 -2.905836140821994
48 570 2 13.205879873294954 -3.924873473472024 1.2828615579800737 9.996478908814689 3.144324916403453 4.403598803946198 1.8351738415962666
48 571 2 12.306346384454505 -23.307556122187552 0.43408523785617403 9.09757783900695 3.0245165067875885 3.42977167733518 0.8990974039561821
49 567 2 -8.09207412894013 3.650910069931279 0.3765644798545775 5.232318459235087 1.9242680773088454 2.4300077295002454 -2.8783976694240403
49 569 1 1.3121039031289634 5.761728595156475 0.33904506902059706 4.121339012155917 1.6749223137647662 1.5676702248540806 -2.905836140821994
49 570 2 13.113891923638962 -3.94977242908792 1.2819575138855623 9.996478908814684 3.334929828915178 4.403598803946176 1.8351738415962666
49 571 2 12.433007733167692 -23.01059290743444 0.43408523785617403 9.239959421021636 3.2557950907798046 3.42977167733518 0.8990974039561821
50 567 2 -8.09207412894013 3.650910069931279 0.3765644798545775 5.232318459235087 1.9242680773088454 2.4300077295002454 -2.8783976694240403
50 569 1 1.3121039031289634 5.761728595156475 0.33904506902059706 4.121339012155917 1.6749223137647662 1.5676702248540806 -2.905836140821994
50 570 2 13.201000066855721 -3.980123663637313 1.2791753295907609 9.892131082628632 3.1826846398896427 4.40359880394564 1.8351738415962666
50 571 2 12.433007733167692 -23.01059290743444 0.43408523785617403 9.239959421021636 3.2557950907798046 3.42977167733518 0.8990974039561821
51 567 2 -8.09207412894013 3.650910069931279 0.3765644798545775 5.232318459235087 1.9242680773088454 2.4300077295002454 -2.8783976694240403
51 569 1 1.3121039031289634 5.761728595156475 0.33904506902059706 4.121339012155917 1.6749223137647662 1.5676702248540806 -2.905836140821994
51 570 2 13.113891923638962 -3.94977242908792 1.2819575138855623 9.996478908814684 3.334929828915178 4.403598803946176 1.8351738415962666
51 571 2 12.48055810894519 -23.072082624818574 0.43408523785617403 9.20287814878092 3.1048213395140385 3.42977167733518 0.8990974039561821
52 567 2 -8.09207412894013 3.650910069931279 0.3765644798545775 5.232318459235087 1.9242680773088454 2.4300077295002454 -2.8783976694240403
52 569 1 1.3121039031289634 5.761728595156475 0.33904506902059706 4.121339012155917 1.6749223137647662 1.5676702248540806 -2.905836140821994
52 570 2 13.113891923638962 -3.94977242908792 1.2819575138855623 9.996478908814684 3.334929828915178 4.403598803946176 1.8351738415962666
52 571 2 12.433007733167692 -23.01059290743444 0.43408523785617403 9.239959421021636 3.2557950907798046 3.42977167733518 0.8990974039561821
53 567 2 -8.09207412894013 3.650910069931279 0.3765644798545775 5.232318459235087 1.9242680773088454 2.4300077295002454 -2.8783976694240403
53 569 1 1.3121039031289634 5.761728595156475 0.33904506902059706 4.121339012155917 1.6749223137647662 1.5676702248540806 -2.905836140821994
53 570 2 13.113891923638962 -3.94977242908792 1.2819575138855623 9.996478908814684 3.334929828915178 4.403598803946176 1.8351738415962666
53 571 2 12.433007733167692 -23.01059290743444 0.43408523785617403 9.239959421021636 3.2557950907798046 3.42977167733518 0.8990974039561821
54 567 2 -8.09207412894013 3.650910069931279 0.3765644798545775 5.232318459235087 1.9242680773088454 2.4300077295002454 -2.8783976694240403
54 569 1 1.3121039031289634 5.761728595156475 0.33904506902059706 4.121339012155917 1.6749223137647662 1.5676702248540806 -2.905836140821994
54 570 2 13.113891923638962 -3.94977242908792 1.2819575138855623 9.996478908814684 3.334929828915178 4.403598803946176 1.8351738415962666
54 571 2 12.433007733167692 -23.01059290743444 0.43408523785617403 9.239959421021636 3.2557950907798046 3.42977167733518 0.8990974039561821
55 567 2 -8.09207412894013 3.650910069931279 0.3765644798545775 5.232318459235087 1.9242680773088454 2.4300077295002454 -2.8783976694240403
55 569 1 1.3121039031289634 5.761728595156475 0.33904506902059706 4.121339012155917 1.6749223137647662 1.5676702248540806 -2.905836140821994
55 570 2 13.113891923638962 -3.94977242908792 1.2819575138855623 9.996478908814684 3.334929828915178 4.403598803946176 1.8351738415962666
55 571 2 12.433007733167692 -23.01059290743444 0.43408523785617403 9.239959421021636 3.2557950907798046 3.42977167733518 0.8990974039561821
56 567 2 -8.09207412894013 3.650910069931279 0.3765644798545775 5.232318459235087 1.9242680773088454 2.4300077295002454 -2.8783976694240403
56 569 1 1.3121039031289634 5.761728595156475 0.33904506902059706 4.121339012155917 1.6749223137647662 1.5676702248540806 -2.905836140821994
56 570 2 13.113891923638962 -3.94977242908792 1.2819575138855623 9.996478908814684 3.334929828915178 4.403598803946176 1.8351738415962666
56 571 2 12.444883264132052 -23.0200342298795 0.43408523785617403 9.23995942102164 3.225452592188088 3.42977167733518 0.8990974039561821
57 567 2 -8.09207412894013 3.650910069931279 0.3765644798545775 5.232318459235087 1.9242680773088454 2.4300077295002454 -2.8783976694240403
57 569 1 1.3121039031289634 5.761728595156475 0.33904506902059706 4.121339012155917 1.6749223137647662 1.5676702248540806 -2.905836140821994
57 570 2 13.113891923638962 -3.94977242908792 1.2819575138855623 9.996478908814684 3.334929828915178 4.403598803946176 1.8351738415962666
57 571 2 12.433007733167692 -23.01059290743444 0.43408523785617403 9.239959421021636 3.2557950907798046 3.42977167733518 0.8990974039561821
58 567 2 -8.09207412894013 3.650910069931279 0.3765644798545775 5.232318459235087 1.9242680773088454 2.4300077295002454 -2.8852351697053944
58 569 1 1.3898393897863777 5.777765564612086 0.33904506902059706 3.9626769032415745 1.6800503051448388 1.5676702248540806 -2.905836140821994
58 570 2 13.23557962431763 -4.0143436985942085 1.27657511316993 9.807808379708588 3.1338609507536446 4.403598803946144 1.8351738415962666
58 571 2 12.36266500506341 -23.14700727543987 0.43408523785617403 8.938847576586607 3.1961329258607525 3.42977167733518 0.8990974039561821
59 567 2 -8.09207412894013 3.650910069931279 0.3765644798545775 5.232318459235087 1.9242680773088454 2.4300077295002454 -2.8852351697053944
59 569 1 1.5142418079766737 5.756560017362888 0.33904506902059706 3.8552596846878124 1.5833573175934166 1.5676702248540806 -2.905836140821994
59 570 2 13.137394113454732 -3.9783409222646657 1.279831986069628 9.928892931393447 3.304528282176467 4.403598803946225 1.8351738415962666
59 571 2 12.372564271901334 -23.193070146201833 0.434085237855833 8.879055680875256 3.1233039248083494 3.429771677334498 0.8990974039561821
60 567 2 -7.959703137015906 3.682106847061798 0.3765644798545775 5.41057960835376 1.932524895801061 2.4300077295002454 -2.879778197952052
60 569 1 1.617947294169022 5.797699413740449 0.33904506902059706 3.8552596846878124 1.5833573175934166 1.5676702248540806 -2.905836140821994
60 570 2 13.19300101376988 -4.072017411771773 1.2730432974421046 9.893931640856723 3.246259464615087 4.403598803946118 1.8351738415962666
60 571 2 12.254082355355617 -23.235451867558147 0.43408523785617403 9.044933015653744 3.2557950907797975 3.42977167733518 0.8978347829774211
61 567 2 -7.927551716333924 3.690722313505681 0.3765644798545775 5.477151077134777 1.9325248958010612 2.4300077295002454 -2.9101870724092844
61 569 1 1.6117264818233448 5.734934654761799 0.33904506902059706 4.152991911998551 1.6170704128441318 1.5676702248540806 -2.905836140821994
61 570 2 13.268886116073379 -4.2321293920822125 1.2616016228135902 10.136474707597696 3.267896204022535 4.403598803947591 1.8164719474818107
61 571 2 12.158406562769777 -23.438583852671258 0.4340852378562877 9.11303519410565 3.157796320939793 3.4297716773354074 0.9125779431082792
62 567 2 -7.682898975953352 3.774317271630019 0.3765644798545775 5.417165246577447 1.9325248958010612 2.4300077295002454 -2.8980111140345617
62 569 1 1.8082729850857746 5.72430265475797 0.33904506902059706 4.152991911998551 1.6170704128441318 1.5676702248540806 -2.9267754883327024
62 570 2 13.352693377432384 -4.2691638086455 1.2583964028486787 10.136474707597696 3.267896204022535 4.403598803947591 1.7968985910450588
62 571 2 12.127228952204767 -23.49279946518509 0.43408523785645825 8.991775703131479 3.1303350033570276 3.4297716773357485 0.8917747027947587
63 567 2 -7.282661042590392 3.8832780470892274 0.3765644798545775 5.001274585928359 1.9325248958010612 2.4300077295002454 -2.9163857686408
63 569 1 2.1167073846956512 5.661502465399655 0.33904506902059706 4.152991911998551 1.6170704128441318 1.5676702248540806 -2.9524298163822538
63 570 2 13.482638450539664 -4.3447800990352174 1.2521992306316077 10.136474707597696 3.267896204022535 4.403598803947591 1.7968985910450588
63 571 2 12.279095284340245 -23.46558725133783 0.43408523785617403 9.224881936659019 3.215439606978222 3.42977167733518 0.8917747027947587
64 567 2 -7.229152812046405 3.816238418977894 0.3765644798545775 5.305975477856775 1.8537485819464796 2.4300077295002454 -2.9163857686408
64 569 1 2.2881665166582326 5.656441904942596 0.33904506902059706 4.152991911998551 1.6170704128441318 1.5676702248540806 -2.9524298163822538
64 570 2 13.657269092390008 -4.393820521483969 1.247418132053998 9.937511385657547 3.133080107510959 4.4035988039467195 1.7968985910450588
64 571 2 12.271038442143073 -23.463726497623885 0.43408523785617403 9.30583580390923 2.943031002104446 3.42977167733518 0.8917747027947587
65 567 2 -6.987282516466134 3.8289445461635974 0.3765644798545775 5.359335472885687 1.81470929155197 2.4300077295002454 -2.9163857686408
65 569 1 2.5031698022299995 5.621831224749856 0.33904506902059706 4.152991911998551 1.6170704128441318 1.5676702248540806 -2.9524298163822538
65 570 2 13.948026856593088 -4.36743000022223 1.2467465854222053 9.931922643761945 3.270314769610569 4.403598803946777 1.7968985910450588
65 571 2 12.565707974313963 -23.620210011746583 0.43408523785617403 9.13645946930054 3.240460306115716 3.42977167733518 0.8917747027947587
66 567 2 -6.886738027229092 3.892448892895284 0.3765644798545775 5.477151077134777 1.9325248958010612 2.4300077295002454 -2.9163857686408
66 569 1 2.696401010997171 5.60199560442499 0.33904506902059706 4.152991911998551 1.6170704128441318 1.5676702248540806 -2.9524298163822538
66 570 2 14.173538448157807 -4.399005919420185 1.2427146291751012 9.931922643761945 3.270314769610569 4.403598803946777 1.7968985910450588
66 571 2 12.58897723040553 -23.555918139886113 0.43408523785617403 9.271933932127201 3.2849993168866733 3.42977167733518 0.8917747027947587
67 567 2 -6.535360110253183 3.8563904870307777 0.3765644798528722 5.28195456410591 1.9186318422810942 2.4300077294968347 -2.927765936876943
67 569 1 3.0140486896493845 5.624923111714944 0.33904506902059706 4.152991911998551 1.6170704128441318 1.5676702248540806 -2.959220883459257
67 570 2 14.34136291301553 -4.439453244965472 1.2385706484856098 9.931922643761945 3.270314769610569 4.403598803946777 1.7968985910450588
67 571 2 12.743078887871802 -23.422412136671923 0.43408523785617403 8.998288284053878 3.1398792388262824 3.42977167733518 0.8917747027947587
68 567 2 -6.35841903729568 3.9030436958161383 0.3765644798528722 5.171738052669691 1.9025445308211004 2.4300077294968347 -2.927765936876943
68 569 1 3.059668676838875 5.641447633094271 0.33904506902059706 4.152991911998551 1.6170704128441318 1.5676702248540806 -2.959220883459257
68 570 2 14.552743354200038 -4.468449544487653 1.2348318901757023 9.78127234783645 3.007334488415962 4.4035988039442 1.7894933221304363
68 571 2 12.878262680572513 -23.452751409774613 0.43408523785617403 9.05773154419259 2.891374485381484 3.42977167733518 0.8917747027947587
69 567 2 -6.23198693732088 3.9121536306942737 0.3765644798528722 5.171738052669691 1.9025445308211004 2.4300077294968347 -2.927765936876943
69 569 1 3.237788016463855 5.6418961866921205 0.33904506902059706 4.152991911998551 1.6170704128441318 1.5676702248540806 -2.959220883459257
69 570 2 14.617412049337718 -4.4631894470652345 1.2346414072655887 9.763431884874294 3.1358673559598946 4.403598803944166 1.7894933221304363
69 571 2 12.942690999760313 -23.504747929472387 0.43408523785617403 9.057731544192599 3.056960068981578 3.42977167733518 0.8917747027947587
70 567 2 -6.043579583771914 3.9337557712473195 0.3765644798528722 5.171738052669691 1.9025445308211004 2.4300077294968347 -2.927765936876943
70 569 1 3.3744885585085984 5.651716445301842 0.33904506902059706 4.152991911998551 1.6170704128441318 1.5676702248540806 -2.959220883459257
70 570 2 14.682459468408005 -4.527886617287736 1.2297281578547836 9.920361860989553 3.154761659077912 4.403598803944189 1.7894933221304363
70 571 2 12.996625519114211 -23.473858596879786 0.43408523785617403 9.120176357221965 3.041953951121811 3.42977167733518 0.8668188864131126
71 567 2 -5.938417218820751 3.9596814283408097 0.3765644798528722 4.955200348707088 1.8965051969168736 2.4300077294968347 -2.927765936876943
71 569 1 3.4284399344739356 5.676286875704585 0.33904506902059706 4.152991911998551 1.6170704128441318 1.5676702248540806 -2.959220883459257
71 570 2 14.833945614169142 -4.502250333944845 1.2301801990731929 9.904624516626848 3.131155642534265 4.403598803944444 1.7894933221304363
71 571 2 13.25554768512487 -23.67749542988814 0.43408523785617403 9.120176357221965 3.041953951121811 3.42977167733518 0.8668188864131126
72 567 2 -6.043579583771914 3.9337557712473195 0.3765644798528722 5.171738052669691 1.9025445308211004 2.4300077294968347 -2.927765936876943
72 569 1 3.4284399344739356 5.676286875704585 0.33904506902059706 4.152991911998551 1.6170704128441318 1.5676702248540806 -2.959220883459257
72 570 2 14.682459468408005 -4.527886617287736 1.2297281578547836 9.920361860989553 3.154761659077912 4.403598803944189 1.7894933221304363
72 571 2 13.134717165627755 -23.534525695904808 0.43408523785617403 9.120176357221965 3.041953951121811 3.42977167733518 0.8737511843751946
73 567 2 -6.043579583771914 3.9337557712473195 0.3765644798528722 5.171738052669691 1.9025445308211004 2.4300077294968347 -2.927765936876943
73 569 1 3.385738445543327 5.745868975161384 0.33904506902059706 4.094244400371972 1.769415654858815 1.5676702248540806 -2.959220883459257
73 570 2 14.77829401636406 -4.524278361330248 1.2291634154073745 9.88904043363707 3.3439952826671524 4.403598803943659 1.771976865678016
73 571 2 13.134717165627755 -23.534525695904808 0.43408523785617403 9.120176357221965 3.041953951121811 3.42977167733518 0.8737511843751946
74 567 2 -6.043579583771914 3.9337557712473195 0.3765644798528722 5.171738052669691 1.9025445308211004 2.4300077294968347 -2.927765936876943
74 569 1 3.385738445543327 5.745868975161384 0.33904506902059706 4.094244400371972 1.769415654858815 1.5676702248540806 -2.959220883459257
74 570 2 14.77829401636406 -4.524278361330248 1.2291634154073745 9.88904043363707 3.3439952826671524 4.403598803943659 1.771976865678016
74 571 2 13.2946417152636 -23.64172192611141 0.43408523785617403 9.120176357221965 3.041953951121811 3.42977167733518 0.8737511843751946
75 567 2 -5.907097337426092 3.9701347680760177 0.3765644798528722 4.889550722919443 1.8893668663891374 2.4300077294968347 -2.927765936876943
75 569 1 3.39122059367853 5.653254585764675 0.33904506902059706 4.061195530484108 1.5443190213706182 1.5676702248540806 -2.959220883459257
75 570 2 14.839436800721344 -4.504578053626981 1.2299768556658432 9.846473507859058 3.216294505333687 4.403598803943619 1.771976865678016
75 571 2 13.353136175237937 -23.71395059324611 0.43408523785617403 9.120176357221965 3.041953951121811 3.42977167733518 0.8737511843751946
76 567 2 -5.956976670184641 3.9579119304389008 0.3765644798537249 4.992224885469365 1.8920869270572318 2.43000772949854 -2.927765936876943
76 569 1 3.391178710527157 5.668321947679985 0.33904506902059706 4.121910337991588 1.5739691923201524 1.5676702248540806 -2.959220883459257
76 570 2 14.908249933021132 -4.495071774187371 1.2300378858413592 9.88904043363722 3.077594609205131 4.403598803942011 1.79180383003887
76 571 2 13.343814046826095 -23.66934519374694 0.43408523785617403 9.120176357221965 3.041953951121811 3.42977167733518 0.8737511843751946
77 567 2 -6.062019894612876 3.9297515261079163 0.3765644798528722 5.171738052669691 1.9025445308211004 2.4300077294968347 -2.927765936876943
77 569 1 3.3134806732961692 5.745173796888486 0.3390450690213076 4.260418516009882 1.7855243701502457 1.5676702248555017 -2.959220883459257
77 570 2 14.84772239044004 -4.446688658470189 1.233812413638948 9.880799972793277 3.1760958929785983 4.403598803943707 1.7782223222159979
77 571 2 13.34478102222385 -23.674078857471965 0.43408523785617403 9.120176357221965 3.041953951121811 3.42977167733518 0.8737511843751946
78 567 2 -6.0975562192551935 3.907093376005232 0.3765644798528722 5.171738052669691 1.9025445308211004 2.4300077294968347 -2.927765936876943
78 569 1 3.3134806732961692 5.745173796888486 0.3390450690213076 4.260418516009882 1.7855243701502457 1.5676702248555017 -2.959220883459257
78 570 2 14.831116401714642 -4.445984104075253 1.233999983031158 9.889040433636819 3.2083023607757286 4.403598803943785 1.7782223222159979
78 571 2 13.336422230761027 -23.646866639748367 0.43408523785617403 9.120176357221965 3.041953951121811 3.42977167733518 0.8737511843751946
79 567 2 -6.118263155684234 3.9105477724126563 0.3765644798528722 4.888064743750598 1.922858120760547 2.4300077294968347 -2.927765936876943
79 569 1 3.216692463073865 5.656905247048419 0.3390450690213076 4.038035094053905 1.5845989976812744 1.5676702248555017 -2.959220883459257
79 570 2 14.812896754238281 -4.423330033152682 1.2356819548700355 9.941003021881427 3.234301212421198 4.403598803942686 1.7782223222159979
79 571 2 13.437006660321922 -23.56556761318498 -0.034191998691646686 9.078637585240516 3.149909490925938 4.366326150430822 0.8737511843751946
80 567 2 -6.242377490214268 3.7215711791160286 0.3765644798530996 5.045267676164966 1.8296880834714584 2.4300077294972895 -2.927765936876943
80 569 1 3.089289656882496 5.717425894564872 0.33904506901994336 4.0157967518583355 1.6289293771895896 1.5676702248527732 -2.959220883459257
80 570 2 14.846642177442464 -4.2109658447192455 1.2497242448292423 10.062653879745053 3.2994021843267474 4.403598803942636 1.7976688170251087
80 571 2 13.706928377804038 -23.318370814532535 -0.034191998691646686 9.16963839155121 3.2448782665857245 4.366326150430822 0.8737511843751946
81 567 2 -6.447977758192157 3.6832200223440985 0.3765644798530996 5.0324494287714 1.842506330865024 2.4300077294972895 -2.8875865674364594
81 569 1 2.8011198190232482 5.780107929839319 0.3390450690213076 4.276174432341141 1.690988872162738 1.5676702248555017 -2.9093513924312475
81 570 2 14.760263879673676 -3.917992024722773 1.270217753002147 9.976613995687114 3.328082145679345 4.403598803943889 1.8159738511417967
81 571 2 13.812043179106709 -23.288980073894248 -0.034191998691646686 9.17446353528576 3.087245731707259 4.366326150430822 0.910431972131847
82 567 2 -6.695515338969342 3.5023929663428373 0.3765644798530996 5.067580427233628 1.6885168010653206 2.4300077294972895 -2.859967813850597
82 569 1 2.4711538222447196 5.831358727611972 0.3390450690213076 4.170894581155409 1.6689350596420964 1.5676702248555017 -2.8814354351645615
82 570 2 14.66831750710846 -3.656129579803517 1.288659329525434 9.873271864954978 3.3280821456793164 4.4035988039439165 1.8433313332688317
82 571 2 14.005924504094605 -22.88833525023922 -0.034191998691646686 9.146277029463743 3.117876748544192 4.366326150430822 0.910431972131847
83 567 2 -6.973605078789664 3.2924096587150498 0.3765644798530996 5.0324494287714 1.842506330865024 2.4300077294972895 -2.830556091444215
83 569 1 2.1652971724905687 5.870542989168538 0.3390450690213076 4.260418516009882 1.7855243701502457 1.5676702248555017 -2.8814354351645615
83 570 2 14.516219213264247 -3.2713002621075677 1.315903958858645 9.976613995687114 3.328082145679345 4.403598803943889 1.8660224734634938
83 571 2 14.569092954140134 -22.43101481376853 -0.034191998691646686 9.248566742662925 3.6137685209660177 4.366326150430822 0.927062455413489
84 567 2 -7.383728887146317 3.088141124826153 0.3765644798530996 5.0324494287714 1.842506330865024 2.4300077294972895 -2.80256566511605
84 569 1 1.7534416724768844 5.938761881809879 0.3390450690213076 4.260418516009882 1.7855243701502457 1.5676702248555017 -2.840203524513197
84 570 2 14.373617042337191 -2.8568086107209556 1.3450696371483457 9.976613995687114 3.328082145679345 4.403598803943889 1.9014059295876455
84 571 2 15.080080073886807 -21.980173768585995 -0.034191998691646686 9.248566742662925 3.6137685209660177 4.366326150430822 0.9924089556189837
85 567 2 -7.797841686346911 2.851206084882185 0.3765644798530996 5.0324494287714 1.842506330865024 2.4300077294972895 -2.767917491713513
85 569 1 1.2560286007073453 6.048937505317426 0.3390450690227287 4.081360709744307 1.7855243701502366 1.5676702248583438 -2.789075414309848
85 570 2 14.21846921851732 -2.3759614974642975 1.3788176941444488 9.976613995687114 3.328082145679345 4.403598803943889 1.937698610079842
85 571 2 15.46424378394783 -21.563910475064784 -0.034191998691646686 9.146673145374999 3.325190527210595 4.366326150430822 1.0205210556137678
86 567 2 -8.095189710664588 2.5416035169735363 0.3765644798530996 5.0324494287714 1.842506330865024 2.4300077294972895 -2.7403857238333016
86 569 1 0.7536106293017555 6.059698406204099 0.3390450690213076 4.260418516009882 1.7855243701502457 1.5676702248555017 -2.789075414309848
86 570 2 13.9556262867499 -1.924552441871116 1.4114879404325973 9.976613995687114 3.328082145679345 4.403598803943889 1.9579319362271566
86 571 2 15.873016458996227 -21.006697622615746 -0.034191998690964565 9.128074763046168 3.2468568537119484 4.366326150432187 1.037872893113069
87 567 2 -8.650188275776852 2.2191637184755892 0.3765644798530996 5.0324494287714 1.842506330865024 2.4300077294972895 -2.7066716903559773
87 569 1 0.19995127899873733 5.984631381091637 0.3390450690213076 4.294667258826585 1.5700823743492132 1.5676702248555017 -2.7469211393494866
87 570 2 13.794273709609524 -1.5257759359940035 1.4397515389786588 9.713980379287117 3.3280821456793928 4.403598803943897 2.000993271840965
87 571 2 16.402490223125444 -20.419152544797733 -0.034191998691646686 8.78927115647856 3.5846833169102004 4.366326150430822 1.0969996437862948
88 567 2 -9.006743822806769 1.8846172331798607 0.3765644798530996 4.875117827875246 1.7725367497803308 2.4300077294972895 -2.640624112961993
88 569 1 -0.25818516945273706 6.022887511308472 0.33904506902096654 3.9754807324731445 1.6468733212579927 1.5676702248548195 -2.694883615230938
88 570 2 13.453966777962888 -0.8720027977658535 1.4867272557849458 9.7589337238828 3.208755750836577 4.40359880394177 2.058794997528267
88 571 2 16.94010298039109 -19.81656876440563 -0.034191998691646686 9.220722649518333 3.4327819155261676 4.366326150430822 1.135395445468689
89 567 2 -9.399407778575862 1.523943836499802 0.3765644798530996 5.0324494287714 1.842506330865024 2.4300077294972895 -2.61876966947863
89 569 1 -0.8165088155487661 5.959080317072295 0.3390450690213076 4.173882577534856 1.6798465304139585 1.5676702248555017 -2.652729340270576
89 570 2 13.186426604636974 -0.34348096739646117 1.3803706432896843 9.800428913887126 3.143839515535379 4.6914717900727005 2.0926670625197246
89 571 2 17.46985107479189 -19.057477265732263 -0.034191998691646686 9.046234666513493 3.406040922785946 4.366326150430822 1.175044077814869
90 567 2 -9.719961484977258 1.0525264705492774 0.3765644798530996 5.1949636263297005 1.933639026203777 2.4300077294972895 -2.597975440102135
90 569 1 -1.311787799803267 5.95132628848691 0.3390450690213076 4.213120291730869 1.9104352891823222 1.5676702248555017 -2.6032123287007605
90 570 2 12.800942887679941 0.07835023803935037 1.412079684199473 10.019679221254359 2.9492076977783084 4.691471790072939 2.1328176398607686
90 571 2 17.641152585705868 -18.514455270286106 -0.034191998691646686 8.970380089200676 3.3239399484995578 4.366326150430822 1.18792581290479
91 567 2 -10.090346728522501 0.7942305361054863 0.3765644798530996 5.123468688386975 1.7692671213108104 2.4300077294972895 -2.553967175551027
91 569 1 -1.627883802879588 5.891215849529289 0.3390450690213076 3.900972247133598 1.5894473925566457 1.5676702248555017 -2.573646085582391
91 570 2 12.500804473402786 0.5554339113309386 1.446796545133982 9.902615116152564 3.0318776321541514 4.691471790072887 2.1677074897685493
91 571 2 18.170017982492435 -17.872410636751553 -0.034191998691646686 9.004302857796716 3.2356865228147544 4.366326150430822 1.2489469511945934
92 567 2 -10.315736364598532 0.39210236614531013 0.3765644798530996 5.179647569818798 1.8085578980313537 2.4300077294972895 -2.525282778396754
92 569 1 -2.016832941665844 6.02568119045344 0.3390450690213076 3.7546463241899213 1.8905192502448371 1.5676702248555017 -2.573646085582391
92 570 2 12.149755836912053 0.8958485441061672 1.4727225372121961 10.01967922125446 3.177037122480752 4.6914717900728595 2.1964249070238626
92 571 2 18.49848837272164 -17.377247571583837 -0.034191998691646686 9.212582962114455 3.1988305515163455 4.366326150430822 1.2615051606753536
93 567 2 -10.578118131527368 0.18625155088907674 0.3765644798530996 5.148990564834856 2.018079343235173 2.4300077294972895 -2.4898993222726027
93 569 1 -2.536427872226724 5.719827464622776 0.3390450690213076 4.071985922362179 1.7407380117270763 1.5676702248555017 -2.514126154293624
93 570 2 12.002731590400957 1.236714230179695 1.4969584301939176 10.213968850522772 3.193614735899601 4.691471790072653 2.2166582331711773
93 571 2 18.60979450038252 -16.86214609923711 -0.034191998691646686 9.452239572385533 3.5555904757463748 4.366326150430822 1.2850764327739848
94 567 2 -10.913008234025565 -0.061503948691507104 0.3765644798530996 5.208209628530832 1.8693340878216327 2.4300077294972895 -2.4821625327384984
94 569 1 -3.054795846188741 5.536101075710615 0.3390450690213076 4.407758453210149 1.7575739733233637 1.5676702248555017 -2.514126154293624
94 570 2 11.722806162913935 1.5634002139678405 1.5213584585517776 10.01168468937972 3.2220050084814926 4.691471790070163 2.244969250926383
94 571 2 18.859469179467215 -16.399266067363175 -0.034191998691646686 9.214087081496826 3.416225567758267 4.366326150430822 1.3186068381144787
95 567 2 -11.058405482811509 -0.2958470684068766 0.3765644798520196 5.144605417344812 1.9484870326245205 2.4300077294951294 -2.436480051663835
95 569 1 -3.3427780151372266 5.391802551218371 0.3390450690213076 4.381739459822622 1.8009259136576432 1.5676702248555017 -2.4616415663406603
95 570 2 11.45017548267602 1.8453224815451374 1.542677046867699 9.981265487501187 3.351506691076822 4.691471790070987 2.264415745735494
95 571 2 19.11640458490978 -16.03718974028512 0.23426532579780168 8.896483083570681 3.269226558826651 4.367072437052473 1.3594838508434068
96 567 2 -11.29104826773597 -0.5752644986012735 0.3765644798530996 5.127304944645353 1.9350071097336103 2.4300077294972895 -2.4212431356877175
96 569 1 -3.5955512713958937 5.226789864665809 0.3390450690213076 4.365778013605581 1.5796088859647495 1.5676702248555017 -2.4616415663406603
96 570 2 11.251839842439656 2.056136853851635 1.5585719100691802 10.199453924730339 3.3862184879086343 4.69147179007116 2.285453110500375
96 571 2 19.19622799138426 -15.734028732950538 0.4016511049548409 9.062838499032033 3.234718870352984 4.032300878742942 1.3594838508434068
97 567 2 -11.479215891006547 -0.8374855363507165 0.3765644798530996 5.1267103372741145 1.9301645107421546 2.4300077294972895 -2.405402876508882
97 569 1 -4.1601040973527645 5.273524216657901 0.33904506902255815 4.385503300834939 1.6898040026030468 1.5676702248580028 -2.410074420397824
97 570 2 10.957539529017323 2.3239508908363877 1.579121444702697 10.145994896163668 3.2115856612586957 4.691471790071151 2.30129336967921
97 571 2 19.190109545409484 -15.172432494514084 0.4016511049548409 8.898929947251295 3.2287240892006897 4.032300878742942 1.3907570601303099
98 567 2 -11.667763298399766 -1.1209917134232488 0.3765644798530996 5.056352435900498 2.0455240416945233 2.4300077294972895 -2.3820153287298393
98 569 1 -4.4487029480967175 5.217054615731035 0.33904506902255815 4.5237912768987165 1.9311062537571964 1.5676702248580028 -2.410074420397824
98 570 2 10.603998797065367 2.520477767282303 1.5953612590399087 10.199453924730339 3.3862184879086343 4.69147179007116 2.332676134318556
98 571 2 19.49625606779908 -14.824465148471251 0.4016511049548409 9.304405223870484 3.258762408893729 4.032300878742942 1.420993588892506
99 567 2 -11.851640356245651 -1.3148111130231583 0.3765644798530996 5.030429520668082 1.9290243799199418 2.4300077294972895 -2.365920139244118
99 569 1 -4.695450501116412 5.047001724775476 0.33904506902255815 4.532885869480669 2.009233709813115 1.5676702248580028 -2.3831146618701915
99 570 2 10.430068120876193 2.7782899419652782 1.61422095960835 10.1510101138223 3.2331360454398164 4.691471790071551 2.34338045337896
99 571 2 19.525399646982823 -14.37997877522453 0.4016511049548409 9.000495278683836 3.2119232859831226 4.032300878742942 1.4287303784266103
