0 1504 2 -63.987805646858725 -21.500004365382356 1.3535631259743481 6.218815153771117 2.0061192823796894 2.7737987142234912 -0.022293841222736255
0 1507 1 133.9479381276223 4.732338142718339 2.120648425880205 3.7176470074760637 1.9142654926208054 0.49999999999954525 0.0014662746090128298
1 1504 2 -76.99031598405811 -21.786131738971417 0.8055953839033662 6.337016444764582 2.0061192823798373 3.869734198365455 -0.022293841222736255
2 1507 1 140.65066216769435 -4.246121776417571 2.120648425880205 3.7176470074760637 1.9142654926208054 0.49999999999954525 0.0014662746090128298
3 1507 1 143.76471247053001 -3.7508158603302437 -1.4054248081897782 3.8268522426206686 1.9142654926233644 1.7530358060340294 0.0014662746090128298
4 1507 1 147.00324043864654 -4.407009220842831 2.120648425880205 3.7176470074760637 1.9142654926208054 0.49999999999954525 0.0014662746090128298
5 1507 1 149.87113498048913 -5.048514438853194 2.120648425880205 3.7176470074760637 1.9142654926208054 0.49999999999954525 0.0014662746090128298
6 1507 1 153.229919813131 -5.792613531094029 2.120648425880205 3.7176470074760637 1.9142654926208054 0.49999999999954525 0.0014662746090128298
7 1507 1 156.1463291261046 -6.537361267795478 -1.6249269946105716 3.7176470074760637 1.9142654926208054 0.49999999999954525 0.0014662746090128298
8 1507 1 162.51621135470438 -9.959631070822452 2.120648425880205 3.7022993452948936 1.8506626584824353 0.49999999999954525 0.0014662746090128298
9 1644 1 -60.990941575196885 -9.317685604248474 1.0996842308397454 3.72375432071248 2.1041440105386315 0.4999999999956799 -3.0885301205160336
10 1642 4 36.267617950356296 -27.68734415861844 0.6519583721369173 2.0142475409231677 1.0134496426640094 0.49999999999852207 -0.037696584353859475
10 1643 4 44.0599197342963 -26.973006581116927 0.9482875162763698 1.96312422907976 0.9337892910722823 0.5 -0.04999606197380313
10 1644 1 -57.65988761057894 -9.784860934402335 1.1319042060042488 3.660863386556672 2.0044636649019125 0.5 -3.0783766317828536
11 1642 4 20.443159831860594 -25.976744658220024 0.6519583721369173 1.6930568929019316 1.0735268774889823 0.49999999999852207 -0.13938556726005102
11 1643 4 28.83576635447451 -24.214917515048278 0.9482875162763698 1.6220435660797428 1.079080998034442 0.5 -0.04999606197380313
11 1644 1 -55.02150198075941 -9.404639908311388 1.1319042060042488 3.660863386556672 2.0044636649019125 0.5 -3.043669514408709
12 1642 4 4.174360633786465 -25.099548241587236 0.6519583721367752 2.009024360230423 1.0102669520278513 0.49999999999823785 0.019519694921142694
12 1643 4 12.247339481460267 -22.99947818660792 0.9482875162763698 2.003458124097973 0.990593837402372 0.5 0.04495564436895361
12 1644 1 -51.37510983604569 -11.51644084573045 1.1319042060042488 3.660863386556672 2.0044636649019125 0.5 -3.0173597971557866
13 1642 4 -11.247336240528716 -25.228901857697586 0.6519583721369173 2.0281225237237424 1.0598706908457933 0.49999999999852207 -0.015562278083402159
13 1643 4 -3.085540398690893 -22.33492324890371 0.9482875162760855 2.050610778133429 0.8694882851328831 0.49999999999943157 -0.15573623027996852
13 1644 1 -48.6585964810925 -10.955731999997305 1.1319042060042488 3.660863386556672 2.0044636649019125 0.5 -3.0015808613349417
13 1645 1 47.25612372982905 -19.07803095228858 1.213084260325065 3.9822522965165046 2.0531570321242256 0.5 -0.1483510116658473
14 1642 4 -25.501298930542823 -26.09251916611192 0.6519583721369173 2.0405792690447995 1.1496895372174873 0.49999999999852207 0.05200815874848663
14 1644 1 -45.934703409822376 -11.035658445572343 0.20160535927404055 3.946059734482188 2.0529326543154123 0.5 -2.9582790254183156
14 1645 1 32.47035020079446 -15.960825385373994 1.232096266120923 3.7314235184529965 1.8583148021687266 0.5 0.01180954413927382
14 1643 4 -18.439781639611866 -22.866672195610025 0.28001566866770133 1.9815943600985726 0.9623260521138768 0.5 -0.18377424959870203
15 1642 4 -41.794573415926536 -28.845021668858273 0.6519583721369173 1.9788809030695083 1.0443037707891556 0.49999999999852207 0.04867496365193458
15 1644 1 -43.12197620008818 -10.155314974176031 0.20160535927404055 3.946059734482188 2.0529326543154123 0.5 -2.9417234546831583
15 1645 1 18.220764387285055 -15.419901356896531 1.232096266120923 3.7314235184529965 1.8583148021687266 0.5 -0.06470788125987093
15 1643 4 -34.605430355052306 -24.313027427931186 0.9469945467603651 1.9494323288793594 1.0891453754409512 0.5 0.035845954714874395
16 1644 1 -40.74970311849968 -9.680721561028049 0.20160535927404055 3.946059734482188 2.0529326543154123 0.5 -2.9901259869658494
16 1645 1 3.5030168338881227 -14.60826872988439 1.232096266122202 4.513100513707132 1.8651552326187517 0.500000000002558 0.02883778001166304
16 1643 4 -52.32213091254933 -26.36704830187755 0.9469945467603651 1.9494323288793594 1.0891453754409512 0.5 0.13079766105763047
16 1647 2 68.01796093909114 -24.658623425745375 0.5875862480737126 5.033598562513124 2.0267848486519426 0.5 -0.14277194501961055
16 1648 1 95.43375037272311 -33.95859400804467 1.680456933343411 4.959149465178349 2.0568721864213018 0.5 -0.2715295048677562
17 1644 1 -37.92295899083045 -9.364981798841722 0.20160535927404055 3.946059734482188 2.0529326543154123 0.5 -3.0148887261334893
17 1645 1 -10.486001555110459 -14.678447888064975 1.232096266120923 4.268999472948563 1.8673117173415372 0.5 0.0193878534134575
17 1643 4 -65.81100702459939 -30.497978913613018 0.9469945467603651 1.9494323288793594 1.0891453754409512 0.5 0.20329912806288664
17 1642 4 -72.14789429609753 -35.083891592671684 -0.09048953246463398 2.0488675020673215 1.1577192544854757 0.49999999999704414 0.34398059722484464
17 1647 2 55.14358230855492 -21.75053183881406 1.3104217700324412 5.0498600376647005 2.000156461055404 0.5 -0.1519522631866117
18 1644 1 -35.11870049044493 -8.568330708386348 0.20160535927404055 3.946059734482188 2.0529326543154123 0.5 -2.9844801304816118
18 1645 1 -24.487224049677017 -15.993761957487616 0.823312928640533 3.7094856283653526 1.948316616856257 0.5 0.09616465218509584
18 1647 2 41.24429298777268 -19.415733574471272 -0.16784012528202008 5.580882731201415 2.6512105323805293 0.5 -0.1308360257575416
19 1644 1 -32.40955628334682 -8.13363736631116 0.20160535927404055 3.946059734482188 2.0529326543154123 0.5 -2.9844801304816118
19 1645 1 -38.21012458169739 -17.74108531726722 0.823312928640533 3.7094856283653526 1.948316616856257 0.5 0.10797113244624179
19 1647 2 27.915812277673957 -17.30532690564197 -0.16784012528202008 5.580882731201415 2.6512105323805293 0.5 -0.1308360257575416
19 1648 1 56.61294190605526 -21.735164007757263 1.4935208667773097 3.9789792069724754 2.001918626420256 0.5 -0.11278796872050068
20 1644 1 -29.754048053875383 -8.424614512920977 0.20160535927404055 3.946059734482188 2.0529326543154123 0.5 -2.9844801304816118
20 1645 1 -53.30494754986533 -19.543199445955718 0.823312928640533 3.7094856283653526 1.948316616856257 0.5 0.10797113244624179
20 1647 2 13.377799430504695 -16.096835569194276 -0.16784012528202008 5.580882731201415 2.6512105323805293 0.5 -0.1308360257575416
20 1648 1 42.965972122929934 -19.09938502241196 1.2667763036219384 3.9017409866913306 2.023442954314305 0.4999999999976126 -0.16449920817651065
21 1644 1 -26.9460141082755 -8.243650206954747 0.20160535927404055 3.946059734482188 2.0529326543154123 0.5 -2.9844801304816118
21 1645 1 -67.72652520673937 -22.00242522503257 0.823312928640533 3.7094856283653526 1.948316616856257 0.5 0.2531685051008927
21 1647 2 -0.7763185896921181 -15.362283417498045 -0.16784012528202008 5.580882731201415 2.6512105323805293 0.5 -0.009035890491390752
21 1648 1 31.836731481044858 -16.52193653371979 1.2667763036219384 3.9017409866913306 2.023442954314305 0.4999999999976126 -0.10311495359316569
22 1644 1 -24.282581337670425 -7.933016228143516 0.20160535927404055 3.946059734482188 2.0529326543154123 0.5 -3.0765019989521343
22 1648 1 16.44905709005558 -15.519965821544673 1.2667763036219384 3.9017409866913306 2.023442954314305 0.4999999999976126 -0.04064301646148505
22 1649 2 48.60392606289423 -26.773432296679523 -1.715186299957784 17.016603766268346 2.5153500247258833 0.49999999999704414 -0.20860901665044707
22 1650 1 43.941213212242644 -21.816750762839252 1.158675207916399 3.9113454752322596 1.9882606515326506 0.5 -0.18986547883102722
22 1647 2 -14.533658787505322 -15.680995720063091 1.5122529400045044 5.992814707072554 2.457679072335583 0.5000000000009095 0.05089976588315648
22 1849 1 25.477116657359414 -19.63781190589956 0.02704542972799473 3.9921675342609184 2.016793648867562 0.5 -0.14024209551956912
23 1644 1 -21.73322302931076 -7.9054343895342125 0.20160535927404055 3.946059734482188 2.0529326543154123 0.5 -3.0559920548126875
23 1649 2 35.66159005464745 -24.293801746447073 -1.7151862999578409 17.630174718814576 2.4411325073901673 0.49999999999693046 -0.1648785176596108
23 1650 1 30.76991124171354 -19.459393421955873 1.158675207916399 4.508506386118276 2.004283860150097 0.5 -0.23743024752545838
23 1647 2 -27.820010844695908 -16.904106230269576 0.8254006477497065 5.732322983757687 2.550073537839926 0.49999999999874944 0.11193420024095713
23 1648 1 4.283558264207632 -14.759362029136001 1.0341326910399946 3.7764209842616348 1.9002851549904098 0.5 0.011969844043017819
23 1849 1 14.012814608408279 -18.663139696520947 0.9202576941440412 3.8760182700285943 2.0908833929084993 0.5000000000017053 -0.11250753554134629
24 1644 1 -18.977067032576816 -7.025393170377004 0.20160535927404055 3.946059734482188 2.0529326543154123 0.5 -3.1256949313571885
24 1649 2 20.211636095535567 -22.352292899305844 -1.715186299957784 15.57937683427287 2.4122905663737004 0.49999999999704414 -0.0850022154329586
24 1650 1 16.14479117444209 -17.913689237125432 1.158675207916399 3.927807733719478 2.050727141220629 0.5 -0.11884724658312273
24 1647 2 -39.506666650119314 -19.12351145414896 0.8254006477497065 5.732322983757687 2.550073537839926 0.49999999999874944 0.1796629867151418
24 1849 1 3.8895544789560255 -18.15936603917453 0.9573456796493964 4.059404990448431 2.068078369956915 0.5 -0.021106535308753616
24 1648 1 -9.60613283202261 -14.723496965279171 0.224113550770358 3.7994998808200564 1.9528783506978975 0.5 -0.0006037073926619119
25 1644 1 -16.435124710181917 -7.120750171489294 0.20160535927404055 3.946059734482188 2.0529326543154123 0.5 3.1147876922146525
25 1649 2 10.885884569405 -21.363204791993518 -1.715186299957784 16.718054471022665 2.0538371786780294 0.49999999999704414 -0.02295909369560234
25 1647 2 -55.478463638721394 -21.699417971483275 0.8254006477497065 5.732322983757687 2.550073537839926 0.49999999999874944 0.2433734031540693
25 1648 1 -22.359855622083412 -15.376961956130923 0.8956688617804929 3.8438780720859236 2.043033945970143 0.5 0.08997664315332687
25 1735 1 -67.52483440710849 -15.207909346984028 0.1095788556373627 3.799660798248766 1.8548259912772949 0.5 -2.871983638981567
25 1650 1 3.1138734865833326 -17.050289984231867 0.9386069309035463 3.769696397297827 1.8273246800979561 0.5 -0.02627058155039519
25 1849 1 -12.461269558853132 -18.037218147728513 0.827337241479043 4.013569311477433 2.002804902043577 0.5 0.029341539820568974
26 1644 1 -13.76107194192153 -6.878850748962978 0.20160535927404055 3.946059734482188 2.0529326543154123 0.5 3.1298772540988127
26 1647 2 -68.55722527415496 -24.73035774449354 0.8254006477497065 5.732322983757687 2.550073537839926 0.49999999999874944 0.29220018376015755
26 1648 1 -34.97097235813002 -16.88370432501706 0.8956688617804929 3.8438780720859236 2.043033945970143 0.5 0.11769917507101035
26 1735 1 -64.3340139645029 -14.05339849415954 0.08355408924075647 3.530168595068451 1.9413515290640337 0.5 -2.981956376023299
26 1649 2 -3.903803361402436 -21.90213463402678 0.7970996554669512 19.00196728390677 3.279510914318383 0.5000000000020464 0.04630450663927599
26 1650 1 -9.671168029312803 -16.975115429948595 1.0991291523538251 4.523163273672845 2.032670909775149 0.5000000000006253 -0.012572302777428712
27 1644 1 -11.032078202240047 -7.39958012809527 0.20160535927404055 3.946059734482188 2.0529326543154123 0.5 -2.9505266269422448
27 1647 2 -82.4141354583899 -29.044501993200896 0.8254006477497065 5.732322983757687 2.550073537839926 0.49999999999874944 0.3779635879056815
27 1648 1 -48.12418432189682 -19.487050853772498 0.8956688617804929 3.8438780720859236 2.043033945970143 0.5 0.15965372297073022
27 1649 2 -19.98113141592425 -22.016529553135427 -0.63148583279302 16.672306909338786 2.8553417738362645 0.5000000000063096 0.08487327657525978
27 1650 1 -23.35634981716185 -17.386520973078703 -0.41767551340577747 3.8701351552647507 2.087667104612396 0.5 0.008315168711915621
27 1735 1 -61.027301124390604 -13.536499764121553 0.2350871085423698 3.6263545541834046 1.8914775317072476 0.4999999999997726 -2.8724006475711352
27 1849 1 -32.36333064027355 -20.37662622252894 -1.1802497563652299 4.001546512543186 1.9650017882161563 0.5 0.11818174704566764
28 1644 1 -8.484227191669993 -7.027769786503854 0.20160535927404055 3.946059734482188 2.0529326543154123 0.5 -3.1062286578393747
28 1649 2 -34.795415598365466 -23.169970854819365 -0.6314858327947253 17.176552051481142 2.5048218225793564 0.500000000002899 0.10236954163050549
28 1650 1 -36.4869736021204 -19.202940409069384 -0.41767551340577747 3.8701351552647507 2.087667104612396 0.5 0.08669791859994458
28 1735 1 -60.51993817913244 -13.67750112105016 0.2350871085423698 3.6263545541834046 1.8914775317072476 0.4999999999997726 -2.8724006475711352
29 1644 1 -6.013341834194945 -6.817211677266684 0.20160535927404055 3.946059734482188 2.0529326543154123 0.5 3.085458852817067
29 1649 2 -47.295978807524165 -26.30287115124051 -0.6314858327930768 17.228874344573065 2.6453866526457617 0.5000000000061959 0.19580106320065904
29 1650 1 -48.995485387884266 -20.808565417050488 -0.41767551340577747 3.8701351552647507 2.087667104612396 0.5 0.1287647028070238
29 1735 1 -54.886445442820865 -11.754923807493297 0.2350871085423698 3.6263545541834046 1.8914775317072476 0.4999999999997726 -3.066611392773746
29 1648 1 -74.09957256371477 -25.820790430409403 0.00010208215717000257 4.05044595740992 2.0131156281725424 0.5 0.3569649601780742
30 1644 1 -3.1766555067919935 -6.91736710792465 0.20160535927404055 3.946059734482188 2.0529326543154123 0.5 3.085458852817067
30 1649 2 -60.60351055969105 -28.97821277394961 -0.6314858327950947 15.654964270962987 2.436063271218808 0.50000000000216 0.2320110548162746
30 1650 1 -63.21327305637572 -22.124733285714836 -0.41767551340577747 3.8701351552647507 2.087667104612396 0.5 0.20296992599339836
30 1735 1 -51.53514755051359 -11.144619982889388 0.2350871085423698 3.6263545541834046 1.8914775317072476 0.4999999999997726 -2.905175791975211
31 1644 1 -0.7847674711774584 -6.959339962515731 0.20160535927404055 3.946059734482188 2.0529326543154123 0.5 3.085458852817067
31 1649 2 -74.80179180896198 -30.809299607433314 -0.6314858327941568 16.56305428883888 2.450825163940238 0.5000000000040359 0.2803813873215788
31 1650 1 -74.91723079825228 -25.768297817689106 -0.41767551340577747 3.8701351552647507 2.087667104612396 0.5 0.2552092253085214
31 1735 1 -48.1678663368407 -10.10151092836876 0.2350871085423698 3.6263545541834046 1.8914775317072476 0.4999999999997726 -3.0075687384894554
32 1644 1 1.9471771366076487 -6.888075577928489 0.20160535927404055 3.946059734482188 2.0529326543154123 0.5 3.1326413471899155
32 1649 2 -88.19831782541618 -37.10565564449676 -0.6314858327941568 17.958798397153018 2.6032918017820172 0.5000000000040359 0.37100110267213315
32 1650 1 -82.96367301657455 -31.766033553685897 -0.41767551340577747 3.8701351552647507 2.087667104612396 0.5 0.32447521203537
32 1735 1 -44.87567529421447 -7.96706834961784 0.2350871085423698 3.6263545541834046 1.8914775317072476 0.4999999999997726 -2.9549954129128677
33 1644 1 4.410904684043787 -6.977906155056428 0.20160535927404055 3.946059734482188 2.0529326543154123 0.5 3.128656500699471
33 1649 2 -95.84685611063601 -37.417372811005585 -0.6314858327941568 5.998146882235296 1.878991734207521 0.5000000000040359 0.4048742611833127
33 1650 1 -95.89988308823841 -34.84760184183261 -0.41767551340577747 3.8701351552647507 2.087667104612396 0.5 0.35688123722032805
33 1735 1 -42.17292676041294 -7.100302418312397 0.2350871085423698 3.6263545541834046 1.8914775317072476 0.4999999999997726 -3.015384813930165
34 1644 1 7.03998752294675 -7.001437076391074 0.20160535927404055 4.375094858249589 2.0795428107976726 0.5 3.128656500699471
34 1649 2 -108.96504593547706 -41.66948290563923 -0.6314858327941568 5.998146882235296 1.878991734207521 0.5000000000040359 0.4048742611833127
34 1735 1 -38.46494395523865 -7.703475718935414 0.2350871085423698 3.6263545541834046 1.8914775317072476 0.4999999999997726 -3.015384813930165
34 1745 2 74.74158547182421 -26.134272465675167 -1.9381411173405358 5.239766187667387 2.1900047920587946 0.5 -0.07282826621554372
35 1644 1 9.755643051740638 -6.958098123967403 0.20160535927404055 4.2796482257305675 2.0223679203551774 0.5 3.1369626042916345
35 1735 1 -35.28191374566789 -7.616151782901423 0.2350871085423698 3.6263545541834046 1.8914775317072476 0.4999999999997726 -3.015384813930165
35 1745 2 64.52742246309816 -25.922206143063377 -1.9381411173405358 5.961696589023891 2.537576736300709 0.5 0.01910072327996626
36 1644 1 12.78372530098181 -6.875407985489074 0.20160535927404055 3.946059734482188 2.0529326543154123 0.5 -3.1178868958927337
36 1735 1 -31.659936463060834 -6.877303017066699 0.2350871085423698 3.6263545541834046 1.8914775317072476 0.4999999999997726 -3.015384813930165
36 1745 2 53.37729698033347 -24.262708457092664 -1.9381411173405358 5.961696589023891 2.537576736300709 0.5 0.03866859461220562
36 1750 4 -91.28767187861631 -6.4403402225747675 0.026705000766096276 1.9386368650646375 0.9943824615597805 0.5 -3.0433843372646647
37 1644 1 15.928263521063124 -6.903497917361061 0.20160535927404055 3.946059734482188 2.0529326543154123 0.5 3.130612680115541
37 1735 1 -28.43781770879934 -6.490316643211952 0.2350871085423698 3.6263545541834046 1.8914775317072476 0.4999999999997726 -3.1262134940660014
37 1745 2 42.69392000716054 -24.63472349405363 -1.9381411173405358 5.961696589023891 2.537576736300709 0.5 0.0009082240399054253
37 1750 4 -86.73850910045726 -7.165644595950414 0.026705000766096276 1.9386368650646375 0.9943824615597805 0.5 -3.0433843372646647
38 1644 1 18.94679247253491 -6.879435225077588 0.20160535927404055 3.946059734482188 2.0529326543154123 0.5 3.133651890756652
38 1735 1 -25.23275202488213 -7.045793223087872 0.2350871085423698 3.6263545541834046 1.8914775317072476 0.4999999999997726 -3.0695383220755628
38 1745 2 30.29031666467389 -25.451872721410606 -1.9381411173405358 5.961696589023891 2.537576736300709 0.5 -0.007687636241441309
38 1750 4 -81.61853514002777 -5.318021499407881 0.026705000766096276 1.9386368650646375 0.9943824615597805 0.5 -3.0433843372646647
39 1644 1 21.97556761306984 -6.956890916654802 0.20160535927404055 3.946059734482188 2.0529326543154123 0.5 3.13610202753562
39 1735 1 -22.266368634549938 -6.9565155310719975 0.2350871085423698 3.6263545541834046 1.8914775317072476 0.4999999999997726 3.1360728507267215
39 1745 2 19.228720991238767 -25.625937644174346 -1.9381411173405358 5.961696589023891 2.537576736300709 0.5 -0.021320492405721758
39 1750 4 -76.73497725566088 -3.7764148272743423 0.026705000766096276 1.9386368650646375 0.9943824615597805 0.5 -2.9945905018322168
40 1644 1 25.250407270520707 -6.990240828426946 0.20160535927404055 3.946059734482188 2.0529326543154123 0.5 -3.1390167490883734
40 1735 1 -18.92017504578786 -6.887462525821368 0.2350871085423698 3.6263545541834046 1.8914775317072476 0.4999999999997726 3.1360728507267215
40 1745 2 8.803470532893094 -25.482534422273705 -1.9381411173405358 8.947955241984339 2.6507567865961255 0.5 -0.021320492405722202
40 1750 4 -71.33191389324548 -2.3091167302192965 0.026705000766096276 1.9386368650646375 0.9943824615597805 0.5 -3.0356391458129868
41 1644 1 28.1561316131088 -7.0524798011989365 0.20160535927404055 3.946059734482188 2.0529326543154123 0.5 3.1182484385589113
41 1735 1 -15.825290831413215 -6.8686196071003645 0.2350871085423698 3.6263545541834046 1.8914775317072476 0.4999999999997726 3.1360728507267215
41 1745 2 -4.52715758943711 -25.214808713489614 -1.9381411173405358 5.961696589023891 2.537576736300709 0.5 -0.030889578313332722
41 1750 4 -66.07579453838295 -1.0120345431478281 0.026705000766096276 1.9386368650646375 0.9943824615597805 0.5 2.8959884631358
42 1644 1 31.665509247710336 -7.022276070980996 0.20160535927404055 3.946059734482188 2.0529326543154123 0.5 -3.1219777442209082
42 1735 1 -12.537808267147211 -6.941664988493392 0.2350871085423698 3.6263545541834046 1.8914775317072476 0.4999999999997726 3.1140176040332066
42 1745 2 -16.00457698117411 -25.00258616669158 -1.9381411173405358 5.961696589023891 2.537576736300709 0.5 -0.04416061210917621
42 1750 4 -59.69558511900978 -0.7389373060152651 0.026705000766096276 1.9386368650646375 0.9943824615597805 0.5 3.1409802315836446
43 1644 1 34.74826071012602 -6.588872638725213 0.20160535927404055 3.946059734482188 2.0529326543154123 0.5 -3.0526890748336086
43 1735 1 -9.412245054329052 -7.0540931779276095 0.2350871085423698 3.6263545541834046 1.8914775317072476 0.4999999999997726 3.1140176040332066
43 1745 2 -26.4569535474009 -24.720514023542123 -1.9381411173405358 5.961696589023891 2.537576736300709 0.5 -0.04416061210917621
43 1750 4 -53.866443564027556 -1.132927760979927 0.026705000766096276 1.9386368650646375 0.9943824615597805 0.5 3.1409802315836446
44 1644 1 38.167027643547534 -6.136314610767228 0.20160535927404055 3.946059734482188 2.0529326543154123 0.5 -3.0363146782602195
44 1735 1 -5.9584860547402245 -7.150254912518461 0.2350871085423698 3.6263545541834046 1.8914775317072476 0.4999999999997726 -3.1361638439660746
44 1745 2 -37.53491238525689 -24.984561868852218 -1.9381411173405358 5.961696589023891 2.537576736300709 0.5 -0.08542158466265581
44 1750 4 -48.65088568303312 -0.8232153082364122 0.026705000766096276 1.9386368650646375 0.9943824615597805 0.5 3.105605881313953
45 1644 1 41.00477191902156 -5.60758638264102 0.20160535927404055 3.946059734482188 2.0529326543154123 0.5 -2.962881039707032
45 1735 1 -2.678242134912364 -6.979263566260538 0.2350871085423698 3.6263545541834046 1.8914775317072476 0.4999999999997726 3.109228240560924
45 1745 2 -47.03063032743821 -24.829518193887782 -1.9381411173405358 5.961696589023891 2.537576736300709 0.5 -0.08077045541154604
45 1750 4 -42.50843364687309 0.3655857672839127 0.026705000766096276 1.9386368650646375 0.9943824615597805 0.5 3.105605881313953
46 1644 1 44.36358752804665 -4.6352409417158045 0.20160535927404055 3.946059734482188 2.0529326543154123 0.5 -2.962881039707032
46 1735 1 0.8000807053818778 -7.020200169738555 0.2350871085423698 3.6263545541834046 1.8914775317072476 0.4999999999997726 -3.14141042400054
46 1745 2 -57.76585825415274 -24.589247681433708 -1.9381411173405358 5.961696589023891 2.537576736300709 0.5 -0.051133493728516166
46 1750 4 -35.925118615987934 0.8550466443013792 0.026705000766096276 1.9386368650646375 0.9943824615597805 0.5 3.105605881313953
47 1644 1 47.298186681032725 -4.009676575560842 0.20160535927404055 3.946059734482188 2.0529326543154123 0.5 -3.063032559324972
47 1735 1 4.220156718957007 -6.868627163673273 0.2350871085423698 3.6263545541834046 1.8914775317072476 0.4999999999997726 -3.14141042400054
47 1745 2 -68.5652293731477 -24.33493179753371 -1.9381411173405358 5.961696589023891 2.537576736300709 0.5 0.08304667353485384
47 1750 4 -30.12655678320883 1.1229519885626538 0.026705000766096276 1.9386368650646375 0.9943824615597805 0.5 3.105605881313953
47 1768 1 -105.10700519913944 -0.24079875679092677 1.277235817423616 3.9881558839699305 1.9613478238024555 0.5 3.104978774695451
48 1644 1 50.16254785186732 -3.476959320507674 0.20160535927404055 3.946059734482188 2.0529326543154123 0.5 -3.007441702965779
48 1735 1 7.251835808607857 -6.7560461832860055 0.2350871085423698 3.6263545541834046 1.8914775317072476 0.4999999999997726 -3.14141042400054
48 1745 2 -78.54811345838236 -23.458175335333312 -1.9381411173405358 5.961696589023891 2.537576736300709 0.5 -0.030240763598501363
48 1750 4 -24.988192011332856 1.7545574553799612 0.026705000766096276 1.9386368650646375 0.9943824615597805 0.5 -3.0534395313370633
49 1644 1 52.30517872332956 -2.4625752800694247 0.20160535927404055 3.946059734482188 2.0529326543154123 0.5 -2.848243466859196
49 1735 1 9.874257117452666 -6.676136002138627 0.2350871085423698 3.6263545541834046 1.8914775317072476 0.4999999999997726 -3.097191479604886
49 1745 2 -88.48050863045243 -23.013768305408465 -1.9381411173405358 5.961696589023891 2.537576736300709 0.5 -0.07647731427604776
49 1750 4 -19.766347538698305 2.126405300671656 0.026705000766096276 1.9386368650646375 0.9943824615597805 0.5 -3.0064153994943164
49 1768 1 -97.39609581848981 1.7956695593918748 1.2416653921058263 3.9913375548080143 1.982110107175771 0.5 -3.141592653589793
50 1644 1 54.831793359395505 -1.5845049925991286 0.20160535927404055 3.946059734482188 2.0529326543154123 0.5 -2.9543648966031912
50 1735 1 12.14498826653179 -6.449171348483981 0.2350871085423698 3.6263545541834046 1.8914775317072476 0.4999999999997726 -3.097191479604886
50 1745 2 -98.44955197924993 -22.345652878105973 -1.9381411173405358 5.961696589023891 2.537576736300709 0.5 0.011797430831289812
50 1750 4 -14.989811005177167 2.7117097885585415 0.026705000766096276 1.9386368650646375 0.9943824615597805 0.5 -2.7894190986840344
50 1768 1 -93.42223914885594 2.5259739884691434 1.209734439546251 3.82590702578953 1.90563077852633 0.5 3.1402523245940532
51 1644 1 56.41813586604918 -0.6886165699365615 0.20160535927404055 3.946059734482188 2.0529326543154123 0.5 -2.9369900753385023
51 1735 1 15.564681960801709 -6.285771690419417 0.2350871085423698 3.6263545541834046 1.8914775317072476 0.4999999999997726 -3.097191479604886
51 1745 2 -109.94137139028958 -22.232465981798676 -1.9381411173405358 5.961696589023891 2.537576736300709 0.5 0.17105296045611595
51 1750 4 -9.669239462946582 3.3566460168518555 0.026705000766096276 1.9386368650646375 0.9943824615597805 0.5 -2.9915390328335283
51 1764 2 99.26313702996414 16.453544905205742 -0.14864409906297382 6.045625862742908 2.2318388108850087 0.5 -2.7557902575803532
51 1765 1 102.0344435793216 21.69453123445982 -0.3521624535875816 3.7014847994948887 2.0688340010697033 0.5 -2.744676633651151
51 1768 1 -88.97176405643654 3.2193179224726562 1.2022744527341445 4.054217427381326 1.9635045762053807 0.5 3.0787982349758396
52 1644 1 57.79002381884597 -0.2517127765399398 0.20160535927404055 3.946059734482188 2.0529326543154123 0.5 -2.894958769340154
52 1735 1 18.30897808181254 -6.140918816830706 0.2350871085423698 3.6263545541834046 1.8914775317072476 0.4999999999997726 -3.097191479604886
52 1750 4 -5.543601637475139 3.822207894748815 0.026705000766096276 1.9386368650646375 0.9943824615597805 0.5 -3.1017648699815883
52 1764 2 95.19461364296303 15.446192613416052 -0.14864409906297382 6.045625862742908 2.2318388108850087 0.5 -2.7322097234781655
52 1765 1 97.89112502702986 20.732544207043766 -0.3521624535875816 3.7014847994948887 2.0688340010697033 0.5 -2.754137168543015
52 1768 1 -85.38497290422286 3.9256907641968692 1.1575695825201713 3.955675638471916 1.876306138255373 0.5 3.0964541872804245
53 1644 1 58.56091964735115 -0.28808457210410626 0.20160535927404055 3.946059734482188 2.0529326543154123 0.5 -3.0219290942875126
53 1735 1 20.98253481567582 -5.972977713664959 0.2350871085423698 3.6263545541834046 1.8914775317072476 0.4999999999997726 -3.097191479604886
53 1764 2 91.17582134788363 14.18362887286535 -0.14864409906297382 6.045625862742908 2.2318388108850087 0.5 -2.750389538551144
53 1765 1 94.14665483389389 19.2978613872177 -0.3521624535875816 3.7014847994948887 2.0688340010697033 0.5 -2.76519313597703
53 1768 1 -81.13128387578242 4.94908747796995 1.1575695825201713 3.955675638471916 1.876306138255373 0.5 3.0964541872804245
53 1750 4 -0.9738813474216178 4.0811283217260925 -3.035383103437347 2.0513975563080717 1.1118854288391944 0.5 3.04073841572342
54 1644 1 59.18974956907646 -0.48740155277546854 0.20160535927404055 3.946059734482188 2.0529326543154123 0.5 -3.0219290942875126
54 1735 1 23.55503755967694 -5.769825190777064 0.2350871085423698 3.6263545541834046 1.8914775317072476 0.4999999999997726 -3.097191479604886
54 1764 2 86.91220175555922 12.457880061625163 -0.14864409906297382 6.045625862742908 2.2318388108850087 0.5 -2.7311611394514363
54 1765 1 90.01520769511546 17.23683620317617 -0.3521624535875816 3.7014847994948887 2.0688340010697033 0.5 -2.9523494997375157
54 1768 1 -77.30031341236587 5.165396977596816 1.1575695825201713 3.955675638471916 1.876306138255373 0.5 3.0964541872804245
54 1750 4 1.864725745193537 4.207619270796492 0.873956476198547 1.9951443709764316 1.0410340217118668 0.5 -3.1270836571423466
55 1644 1 59.18847300036436 -0.216607011017281 0.20160535927404055 3.946059734482188 2.0529326543154123 0.5 -2.9267027216887795
55 1735 1 26.054426286496017 -5.647740336308327 0.2350871085423698 3.6263545541834046 1.8914775317072476 0.4999999999997726 -3.025595468010124
55 1764 2 82.68948507915516 10.600745077029215 -0.14864409906297382 6.045625862742908 2.2318388108850087 0.5 -2.7726954037948714
55 1765 1 85.89090297919367 15.618093334969837 -0.3521624535875816 3.7014847994948887 2.0688340010697033 0.5 -2.8287590310356827
55 1768 1 -73.65442053736624 6.055668918395747 1.1575695825201713 3.955675638471916 1.876306138255373 0.5 3.0964541872804245
55 1750 4 5.358183977636911 4.296749325876566 0.7019975099101465 1.9140216599834388 1.112487011429459 0.5 3.0627328102452283
56 1644 1 59.11623212403227 -0.13736799516336387 0.20160535927404055 3.946059734482188 2.0529326543154123 0.5 -2.902668888735022
56 1735 1 28.224400221776037 -5.608780977992361 0.2350871085423698 3.6263545541834046 1.8914775317072476 0.4999999999997726 -3.025595468010124
56 1764 2 78.93757736767054 8.913721928405302 -0.14864409906297382 6.045625862742908 2.2318388108850087 0.5 -2.7719037182242725
56 1765 1 82.06177033519319 14.167146048972961 -0.3521624535875816 3.7014847994948887 2.0688340010697033 0.5 -2.8287590310356827
56 1768 1 -70.39552160910269 7.45491600057526 1.1575695825201713 3.955675638471916 1.876306138255373 0.5 2.989972248048435
56 1750 4 8.098541706924612 4.0541149049344885 0.6016701132861009 2.0367536473357513 1.0118493816598164 0.5 3.130167688256159
57 1644 1 58.32921668944832 -1.3102786866686684 0.20160535927404055 3.946059734482188 2.0529326543154123 0.5 -3.0703446365825466
57 1735 1 30.545329210317433 -5.587109537506517 0.2350871085423698 3.6263545541834046 1.8914775317072476 0.4999999999997726 -3.0148815922530243
57 1764 2 74.96176092728528 7.382871399600653 -0.14864409906297382 6.045625862742908 2.2318388108850087 0.5 -2.8544633983897856
57 1765 1 78.14150992791731 12.59903654644658 -0.3521624535875816 3.7014847994948887 2.0688340010697033 0.5 -2.8287590310356827
57 1768 1 -67.48528827892132 7.357811552522506 1.1575695825201713 3.955675638471916 1.876306138255373 0.5 2.9281980043934275
57 1750 4 10.834885744120868 4.034302762333255 0.6093131183529579 2.299483662815151 0.9520218388485429 0.5 -3.0929754707545394
58 1644 1 57.966824949632084 -1.6427082653301508 0.20160535927404055 3.946059734482188 2.0529326543154123 0.5 -2.897929587725555
58 1735 1 31.897453832316387 -5.606211575995828 0.2350871085423698 3.6263545541834046 1.8914775317072476 0.4999999999997726 -3.0331444017651847
58 1764 2 70.65637832868974 5.669061837439506 -0.14864409906297382 6.045625862742908 2.2318388108850087 0.5 -2.9057266595405773
58 1765 1 73.98586749338604 10.999020940513542 -0.3521624535875816 3.7014847994948887 2.0688340010697033 0.5 -2.874809400676064
58 1768 1 -64.39238630220716 7.506862841551271 1.1575695825201713 3.955675638471916 1.876306138255373 0.5 2.9278597756598574
58 1750 4 13.529234942362773 3.9967709861373284 0.6093131183529579 2.007538921164299 0.9346806068147744 0.5 -3.0929754707545394
59 1644 1 57.174216528116766 -1.6643234029033087 0.20160535927404055 3.946059734482188 2.0529326543154123 0.5 -2.9344430324724313
59 1735 1 33.651805631659414 -5.617999876641464 0.2350871085423698 3.6263545541834046 1.8914775317072476 0.4999999999997726 -3.049168671094227
59 1764 2 66.72116548915213 4.600648382501046 -0.14864409906297382 6.045625862742908 2.2318388108850087 0.5 -2.8893383385960583
59 1765 1 70.07190480350869 9.58386539302319 -0.3521624535875816 3.7014847994948887 2.0688340010697033 0.5 -2.90871267407611
59 1768 1 -61.62419894734608 7.585380339369974 1.1575695825201713 3.955675638471916 1.876306138255373 0.5 2.965400815258156
59 1750 4 16.223547225567472 3.9866834441852923 0.6093131183529579 2.007538921164299 0.9346806068147744 0.5 3.0663353192930156
60 1644 1 56.2819359782331 -1.8627708751818548 0.20160535927404055 3.946059734482188 2.0529326543154123 0.5 -2.869599004919224
60 1735 1 34.567278826204294 -5.162038542061077 0.2350871085423698 3.6263545541834046 1.8914775317072476 0.4999999999997726 -3.020695355652909
60 1764 2 62.90863079090025 3.510413420470802 -0.14864409906297382 6.045625862742908 2.2318388108850087 0.5 -2.9268793781943567
60 1765 1 66.46874102871169 8.534899259420632 -0.3521624535875816 3.7014847994948887 2.0688340010697033 0.5 -2.90871267407611
60 1768 1 -58.79061515058273 7.556063796613051 1.1575695825201713 3.955675638471916 1.876306138255373 0.5 2.965400815258156
60 1750 4 18.34508961611423 4.0974179927921455 0.6093131183529579 2.007538921164299 0.9346806068147744 0.5 3.0663353192930156
61 1644 1 55.272963181339705 -1.8422872117820628 0.20160535927404055 3.946059734482188 2.0529326543154123 0.5 -2.976543843096871
61 1735 1 34.67321759312735 -5.149168064568721 0.2350871085423698 3.6263545541834046 1.8914775317072476 0.4999999999997726 -3.020695355652909
61 1764 2 64.48711888823458 4.432762761941039 -0.14864409906274645 17.196387754491884 2.289612863845555 0.5000000000004547 -2.8950173886678146
61 1765 1 62.6764371589784 7.958536771926005 -0.3521624535875816 3.7014847994948887 2.0688340010697033 0.5 -2.992757944098804
61 1768 1 -56.43589895646016 7.269748578959598 1.1575695825201713 3.955675638471916 1.876306138255373 0.5 2.904852431063471
61 1750 4 20.124941571571053 4.311988193422332 0.6093131183529579 2.007538921164299 0.9346806068147744 0.5 3.1311793468462223
62 1644 1 54.10939467393903 -2.0781116521121517 0.20160535927404055 3.946059734482188 2.0529326543154123 0.5 -2.9280921878034665
62 1735 1 34.83257484753973 -5.064563218087291 0.2350871085423698 3.6263545541834046 1.8914775317072476 0.4999999999997726 -3.020695355652909
62 1764 2 59.9946194287882 3.394729731245199 -0.14864409906297382 15.551767227922726 2.4173469818551245 0.5 -2.9555501368650434
62 1765 1 59.032636757180846 7.262860991933603 -0.3521624535875816 3.7014847994948887 2.0688340010697033 0.5 -2.9172262340865496
62 1768 1 -54.21370554076081 6.676834301222905 1.1575695825201713 3.955675638471916 1.876306138255373 0.5 3.01949428265237
62 1750 4 21.85146126589056 4.532804560351769 0.6093131183529579 2.007538921164299 0.9346806068147744 0.5 3.1311793468462223
63 1644 1 52.58557081817904 -2.0960831412695713 0.20160535927404055 3.946059734482188 2.0529326543154123 0.5 -2.9869622807228664
63 1735 1 34.737345595184436 -5.054102254849354 0.2350871085423698 3.6263545541834046 1.8914775317072476 0.4999999999997726 -3.1143105297583915
63 1764 2 56.75380242877527 3.0626120843689897 -0.14864409906297382 17.069251462824084 1.8570057932584372 0.5 -2.9249474489363245
63 1765 1 55.06329075973475 6.327807933412029 -0.3521624535875816 3.7014847994948887 2.0688340010697033 0.5 -2.9381291125321587
63 1768 1 -51.98064885573204 6.1183528464296 1.1575695825201713 3.955675638471916 1.876306138255373 0.5 3.01949428265237
63 1750 4 23.33428369761237 4.685083617773115 0.6093131183529579 2.007538921164299 0.9346806068147744 0.5 3.1311793468462223
64 1644 1 50.90123927350923 -2.0950892860000145 0.20160535927404055 3.946059734482188 2.0529326543154123 0.5 -3.0009800540848093
64 1735 1 34.57951821057606 -5.170856916491964 0.2350871085423698 3.6263545541834046 1.8914775317072476 0.4999999999997726 -2.993111566162649
64 1764 2 52.53907617144428 2.230605247614203 -0.14864409906297382 16.212950678967072 2.29417217056075 0.5 -2.9506543515153973
64 1765 1 51.23683621542828 5.740473298558309 -0.3521624535875816 3.7014847994948887 2.0688340010697033 0.5 -3.0124739537303213
64 1768 1 -49.52478592224141 5.584252175202528 1.1575695825201713 3.955675638471916 1.876306138255373 0.5 3.01949428265237
64 1750 4 24.833723172761406 5.055694900884486 0.6093131183529579 2.007538921164299 0.9346806068147744 0.5 3.1217938228799698
65 1644 1 49.285287398614074 -2.4733232391197224 0.20160535927404055 3.946059734482188 2.0529326543154123 0.5 -2.998509677886438
65 1735 1 33.84737218366104 -5.339387446046475 0.2350871085423698 3.6263545541834046 1.8914775317072476 0.4999999999997726 -2.993111566162649
65 1764 2 49.045527005003365 2.655053336395713 -0.14864409906297382 16.38875626368016 2.3213198228844596 0.5 -2.910015634438958
65 1765 1 47.980395731520254 4.8311333995649095 -0.3521624535875816 3.7014847994948887 2.0688340010697033 0.5 -2.9341492449215174
65 1768 1 -47.488829791701754 5.415623407304079 1.1575695825212513 3.980283371776329 1.7458536881167672 0.50000000000216 3.0438333324285356
65 1750 4 26.060548621133858 5.25141583754393 0.6093131183529579 2.007538921164299 0.9346806068147744 0.5 3.059456408148621
66 1644 1 47.11077563957558 -3.5977837323738173 0.20160535927404055 3.946059734482188 2.0529326543154123 0.5 -2.963067018729652
66 1735 1 33.00605876628897 -5.581547019793711 0.2350871085423698 3.6263545541834046 1.8914775317072476 0.4999999999997726 -2.953408645368426
66 1764 2 45.894148976132115 0.6766733205607511 -0.14864409906388332 16.65875192581449 2.090809410753991 0.499999999998181 -2.9593355519572886
66 1765 1 44.53138145759637 4.235462248740148 -0.3521624535875816 3.7014847994948887 2.0688340010697033 0.5 -3.0035470689465766
66 1768 1 -44.77406218732391 4.944458960082871 1.1575695825174428 3.4826499708360528 1.6252218621604093 0.49999999999454303 3.0438333324285356
66 1750 4 27.143435703200044 5.265294294394221 0.6093131183529579 2.007538921164299 0.9346806068147744 0.5 3.059456408148621
67 1644 1 45.56593015254787 -4.051995008940981 0.20160535927404055 3.946059734482188 2.0529326543154123 0.5 -3.069311465660765
67 1735 1 32.0502969099983 -5.7933406632838595 0.2350871085423698 3.6263545541834046 1.8914775317072476 0.4999999999997726 -3.057045489605515
67 1764 2 43.12245149485996 -0.4783239272765336 -0.1486440990628033 17.360562782825017 2.469868480511529 0.5000000000003411 -3.044324199970541
67 1765 1 41.49369067221348 3.4807525099105656 -0.3521624535875816 3.7014847994948887 2.0688340010697033 0.5 -3.004277647696492
67 1768 1 -42.56159825593686 5.063112157111882 1.1575695825202281 3.4722802814900446 1.416507583172795 0.5000000000001137 2.940602818716742
67 1750 4 28.280739098755227 5.316621683230796 0.6093131183529579 2.007538921164299 0.9346806068147744 0.5 -3.0446237157816185
68 1644 1 43.33691996278383 -4.391446687623825 0.20160535927404055 3.946059734482188 2.0529326543154123 0.5 -3.022903338053524
68 1735 1 30.859090576895927 -6.224512289493322 0.2350871085423698 3.6263545541834046 1.8914775317072476 0.4999999999997726 -2.9998626925089913
68 1764 2 39.7106333510481 -0.9165271534389627 -0.14864409906297382 16.976119676722835 2.8586490204102852 0.5 -3.05098942816549
68 1765 1 38.32150775832221 2.8825109467824315 -0.3521624535875816 3.7014847994948887 2.0688340010697033 0.5 -3.049424659380339
68 1768 1 -40.07857265569099 4.812614462444053 1.1575695825196028 3.3643432704640164 1.4816476480730805 0.49999999999886313 2.940602818716742
68 1750 4 28.826828681257428 5.377834218993862 0.6093131183529579 2.007538921164299 0.9346806068147744 0.5 3.059456408148621
69 1644 1 41.21752237495106 -5.64890457179785 0.20160535927404055 3.946059734482188 2.0529326543154123 0.5 -2.9731395480844816
69 1735 1 29.630999431042525 -6.332591535810096 0.2350871085423698 3.6263545541834046 1.8914775317072476 0.4999999999997726 -3.0187718503458507
69 1764 2 37.08158132066673 -1.2484841401467395 -0.14864409906183695 17.60684913323478 2.35361217048547 0.5000000000022737 -3.009977880854278
69 1765 1 35.63539523555121 2.8745251931099025 -0.3521624535875816 3.7014847994948887 2.0688340010697033 0.5 -2.988612588909196
69 1768 1 -38.114969003538036 4.277426691318027 1.1575695825201713 3.6140264660764445 1.5516322907934283 0.5 2.9929312634123004
69 1750 4 29.246073742722384 5.542928988887795 0.6093131183529579 2.007538921164299 0.9346806068147744 0.5 3.059456408148621
70 1644 1 38.72355488208177 -4.960235451780446 0.20160535927404055 3.946059734482188 2.0529326543154123 0.5 -2.9950742050461012
70 1735 1 28.16987266041217 -6.415142116679024 0.2350871085423698 3.6263545541834046 1.8914775317072476 0.4999999999997726 -3.0187718503458507
70 1764 2 34.10763367198404 -1.7149006923427372 -0.14864409906297382 17.113619851955136 2.751633150632896 0.5 -3.0321337583613888
70 1765 1 32.807603871018486 2.231212155208121 -0.3521624535875816 3.7014847994948887 2.0688340010697033 0.5 -2.988612588909196
70 1768 1 -35.919047805166485 3.8397617524560883 1.1575695825201713 3.955675638471916 1.876306138255373 0.5 2.9929312634123004
70 1750 4 29.91582529460823 5.48779406851213 0.6093131183529579 2.007538921164299 0.9346806068147744 0.5 3.059456408148621
71 1644 1 37.26160612508951 -5.2216281201127845 0.20160535927404055 3.946059734482188 2.0529326543154123 0.5 -2.9950742050461012
71 1735 1 26.749174479504354 -6.517323206036293 0.2350871085423698 3.6263545541834046 1.8914775317072476 0.4999999999997726 -3.0503196363269325
71 1764 2 31.928682889084882 -1.9421659548599362 -0.14864409906297382 17.778360823972076 2.780155671576803 0.5 -3.053324988815242
71 1765 1 30.46582884977592 2.0537278455694628 -0.3521624535875816 3.7014847994948887 2.0688340010697033 0.5 -3.0536548128724528
71 1768 1 -33.86423634185171 3.383289322926089 1.1575695825201713 3.9556756384719027 1.7467484142844183 0.5 3.0365928181645234
71 1750 4 30.017280296424637 5.594968378814435 0.6093131183529579 2.007538921164299 0.9346806068147744 0.5 -3.1271399209752575
72 1735 1 25.197814226632357 -6.630655251871229 0.2350871085423698 3.6263545541834046 1.8914775317072476 0.4999999999997726 -3.0503196363269325
72 1764 2 29.728484781547476 -1.603961317948944 -0.1486440990630875 18.12304852894443 2.620245619257018 0.4999999999997726 -3.015690443403021
72 1765 1 28.081769178930173 1.7419695190410458 -0.3521624535875816 3.7014847994948887 2.0688340010697033 0.5 -3.0678718644019414
72 1768 1 -31.634423712207067 3.0553224131436734 1.1575695825201713 3.9556756384719223 1.643856414885352 0.5 3.0147296660444645
72 1750 4 29.608776542880527 5.555896256628252 0.6093131183529579 2.007538921164299 0.9346806068147744 0.5 -3.1271399209752575
73 1735 1 23.69699549133885 -6.723392598238969 0.2350871085423698 3.6263545541834046 1.8914775317072476 0.4999999999997726 -3.0503196363269325
73 1764 2 27.770216100362582 -1.8377636591835789 -0.14864409906297382 18.406096155075527 3.1012770866778956 0.5 -3.0464445380562806
73 1765 1 26.038077516256664 1.6862801488167858 -0.3521624535875816 3.7014847994948887 2.0688340010697033 0.5 -3.0678718644019414
73 1768 1 -29.673663581172278 2.6752094161637316 1.1575695825201713 3.9556756384719223 1.643856414885352 0.5 3.0147296660444645
73 1750 4 29.427189655438827 5.623452237262885 0.6093131183529579 2.007538921164299 0.9346806068147744 0.5 -3.0476185680877013
74 1735 1 22.22126722095491 -6.8023658565460465 0.2350871085423698 3.6263545541834046 1.8914775317072476 0.4999999999997726 -3.0769799847015307
74 1764 2 25.476639152105193 -2.2703759047693675 -0.14864409906297382 17.57871017215981 2.882088082345393 0.5 -3.0550814896042944
74 1765 1 24.135134005936052 1.4981155945181586 -0.3521624535875816 3.7014847994948887 2.0688340010697033 0.5 -3.0678718644019414
74 1768 1 -27.543109632100446 2.135388586262617 1.1575695825201713 3.954081219734699 1.894900494840006 0.5 3.0147296660444645
74 1750 4 29.441836729350754 5.6054125453927925 0.6093131183529579 2.007538921164299 0.9346806068147744 0.5 -3.0476185680877013
75 1735 1 20.89687722964643 -6.985291926371444 0.2350871085423698 3.6263545541834046 1.8914775317072476 0.4999999999997726 3.1346431455230315
75 1764 2 24.06208157128602 -2.4412845743004836 -0.14864409906206433 17.972813406374677 2.6243600333958375 0.500000000001819 -3.089863709729852
75 1765 1 22.60848697826645 1.3734598000823341 -0.3521624535875816 3.7014847994948887 2.0688340010697033 0.5 -3.0678718644019414
75 1768 1 -25.55906598558908 2.1177963068937293 1.1575695825201713 3.954081219734699 1.894900494840006 0.5 2.9292584898396954
75 1750 4 29.696652588335528 5.551727520518094 0.6093131183529579 2.007538921164299 0.9346806068147744 0.5 -3.0476185680877013
76 1735 1 19.56438253538831 -7.1364809390775825 0.2350871085423698 3.6263545541834046 1.8914775317072476 0.4999999999997726 3.1001740445235235
76 1764 2 23.05397320632954 -2.0776772378193917 -0.1486440990626896 18.3663101771759 2.516629244570492 0.5000000000005684 -3.04164444842288
76 1765 1 21.196754349216004 1.3049143285644893 -0.3521624535875816 3.7014847994948887 2.0688340010697033 0.5 -3.0678718644019414
76 1768 1 -23.46222291214101 1.774994092319325 1.1575695825201713 3.954081219734699 1.894900494840006 0.5 2.9023591500135923
76 1750 4 29.58575948738425 5.560695860854877 0.6093131183529579 2.007538921164299 0.9346806068147744 0.5 -3.0476185680877013
77 1735 1 18.556608596785527 -7.028641744772758 0.2350871085423698 3.6263545541834046 1.8914775317072476 0.4999999999997726 3.1001740445235235
77 1764 2 22.069970820223773 -2.2726998668445337 -0.14864409906274645 18.56634384788102 3.0577183944582504 0.5000000000004547 -3.0636189327195416
77 1765 1 20.070086308988174 1.2455163566587903 -0.3521624535875816 3.7014847994948887 2.0688340010697033 0.5 -3.0678718644019414
77 1768 1 -21.586750388257144 1.5221848005901297 1.1575695825201713 3.954081219734699 1.894900494840006 0.5 2.9023591500135923
77 1750 4 29.760569408381038 5.661977331409383 0.6093131183529579 2.007538921164299 0.9346806068147744 0.5 -3.090168080211937
