0 760 2 20.905245449137475 -3.498695972186891 0.6158717374619034 5.373571222966577 2.210648610636582 2.3300915524253814 -3.122068228880832
1 760 2 22.621835943483735 -3.44196413186716 0.6158717374619034 5.373571222966577 2.210648610636582 2.3300915524253814 -3.122068228880832
2 760 2 24.31765020035884 -3.4501333364699063 0.6158717374629834 5.2892866330721136 2.2352592305547163 2.3300915524275414 -3.139072410027459
2 761 1 60.6867618823869 -19.931018755014755 -1.1303199539553614 4.881802732428703 2.132767340917215 2.0803687272336084 0.0045879332228588865
2 762 2 61.922557098334906 -22.799918574070325 0.0063616017655535595 8.750497017087255 2.683753295719331 4.160315114365808 0.0036080783766141433
3 760 2 25.92835226778698 -3.3326233873627604 0.6158717374629834 5.2892866330721136 2.2352592305547163 2.3300915524275414 -3.139072410027459
3 761 1 49.15968698298164 -20.340254015543973 -1.1303199539553614 4.881802732428703 2.132767340917215 2.0803687272336084 0.0045879332228588865
3 762 2 52.53640953160957 -22.458388065403174 0.0063616017655535595 8.750497017087255 2.683753295719331 4.160315114365808 0.0036080783766141433
4 760 2 27.87974701667797 -3.350395502696122 0.6158717374629834 5.2892866330721136 2.2352592305547163 2.3300915524275414 -3.139072410027459
4 761 1 16.831888743302407 -16.63940369315831 -0.3966670645248209 4.881802732428703 2.132767340917215 2.0803687272336084 0.0045879332228588865
4 762 2 33.99717973710621 -21.34364667838438 0.04281462296091909 8.806806142317361 3.1700324148071886 3.632243643027258 0.0036080783766141433
4 763 2 70.23445857125226 -22.4755977681886 0.5419877671338211 8.661350470075702 2.507838262301228 4.52693526956398 -0.0013166090305472
5 760 2 29.831542056201865 -3.52699741979232 0.6158717374629834 5.2892866330721136 2.2352592305547163 2.3300915524275414 -3.139072410027459
5 761 1 1.8246626001567514 -16.938835376792653 -0.3966670645248209 4.881802732428703 2.132767340917215 2.0803687272336084 0.0045879332228588865
5 762 2 19.98001796304879 -21.998837582541096 0.04281462296091909 8.806806142317361 3.1700324148071886 3.632243643027258 0.0036080783766141433
5 763 2 56.12570269923901 -21.900067557035708 0.5419877671338211 8.661350470075702 2.507838262301228 4.52693526956398 -0.0013166090305472
6 760 2 31.78276525196447 -3.4766996200844646 0.6158717374629834 5.2892866330721136 2.2352592305547163 2.3300915524275414 -3.139072410027459
6 761 1 -21.882845482664035 -16.984719408706034 -0.3966670645248209 4.881802732428703 2.132767340917215 2.0803687272336084 0.0045879332228588865
6 762 2 5.884417019731115 -21.86075344045776 0.04281462296091909 8.806806142317361 3.1700324148071886 3.632243643027258 0.0036080783766141433
6 763 2 41.53337382838217 -21.992246050972035 0.5419877671338211 8.661350470075702 2.507838262301228 4.52693526956398 -0.0013166090305472
7 760 2 33.84778141238587 -3.562255728578399 0.6158717374629834 5.2892866330721136 2.2352592305547163 2.3300915524275414 -3.139072410027459
7 761 1 -38.760915813924626 -16.139839215107393 -0.3966670645248209 4.881802732428703 2.132767340917215 2.0803687272336084 0.0045879332228588865
7 762 2 -7.002241018009061 -21.642730360390892 0.04281462296091909 8.806806142317361 3.1700324148071886 3.632243643027258 0.0036080783766141433
7 763 2 27.68408962456123 -21.7512301537752 0.5419877671338211 8.661350470075702 2.507838262301228 4.52693526956398 -0.0013166090305472
8 760 2 36.003157168895996 -3.4887532978049847 0.6158717374629834 5.2892866330721136 2.2352592305547163 2.3300915524275414 -3.139072410027459
8 761 1 -55.8583084887809 -17.74848787833622 -0.3966670645248209 4.881802732428703 2.132767340917215 2.0803687272336084 0.0045879332228588865
8 762 2 -20.908765682653083 -21.541752492464042 0.04281462296091909 8.806806142317361 3.1700324148071886 3.632243643027258 0.0036080783766141433
8 763 2 13.166314539163373 -21.620725011944003 0.5419877671338211 8.661350470075702 2.507838262301228 4.52693526956398 -0.0013166090305472
9 760 2 38.29455838673631 -3.369527817413987 0.6158717374629834 5.2892866330721136 2.2352592305547163 2.3300915524275414 -3.139072410027459
9 761 1 -72.628975786211 -17.469081680294703 -0.3966670645248209 4.881802732428703 2.132767340917215 2.0803687272336084 0.0045879332228588865
9 762 2 -32.24420744812403 -21.847171186312774 0.04281462296091909 8.806806142317361 3.1700324148071886 3.632243643027258 0.0036080783766141433
9 763 2 0.2077159923819858 -21.715054491221363 0.5419877671338211 8.661350470075702 2.507838262301228 4.52693526956398 -0.0013166090305472
10 760 2 40.495657192864016 -3.432050847970747 0.6158717374629834 5.2892866330721136 2.2352592305547163 2.3300915524275414 -3.139072410027459
10 762 2 -45.320078107149094 -21.554253844876943 0.04281462296091909 8.806806142317361 3.1700324148071886 3.632243643027258 0.0036080783766141433
10 763 2 -14.310401295229203 -21.844460991856753 0.5419877671338211 8.661350470075702 2.507838262301228 4.52693526956398 -0.0013166090305472
11 760 2 42.918490616233704 -3.174705043680473 0.6158717374629834 5.2892866330721136 2.2352592305547163 2.3300915524275414 -3.1009199583483116
11 762 2 -58.091599729306154 -21.827065570738945 0.04281462296091909 8.806806142317361 3.1700324148071886 3.632243643027258 0.0036080783766141433
11 763 2 -27.268755411858184 -21.753139297943715 0.5419877671338211 8.661350470075702 2.507838262301228 4.52693526956398 -0.0013166090305472
12 760 2 45.13197010085364 -3.3383069004566606 0.6158717374629834 5.2892866330721136 2.2352592305547163 2.3300915524275414 -3.080678100863618
12 762 2 -70.63762051168897 -21.758967356021227 0.04281462296091909 8.806806142317361 3.1700324148071886 3.632243643027258 0.0036080783766141433
12 763 2 -39.89298630277491 -21.699387812943083 0.5419877671338211 8.661350470075702 2.507838262301228 4.52693526956398 -0.0013166090305472
13 760 2 47.785702430921546 -3.5305217143339083 0.6158717374629834 5.2892866330721136 2.2352592305547163 2.3300915524275414 -3.140531617979293
13 763 2 -53.92826388199959 -21.718039128060422 0.5419877671338211 8.661350470075702 2.507838262301228 4.52693526956398 -0.0013166090305472
13 776 2 70.81414481155873 -19.26701291552864 0.10030581877136413 5.263850089323698 2.119416672740156 2.1343283582089554 0.0032391544912380166
14 760 2 50.31740915963854 -3.1659109169269732 0.6158717374629834 5.2892866330721136 2.2352592305547163 2.3300915524275414 -3.1068033759502693
14 763 2 -64.19465336677624 -21.674738429130976 0.5419877671338211 8.661350470075702 2.507838262301228 4.52693526956398 -0.0013166090305472
14 776 2 58.32202583458602 -18.697644380150425 0.10030581877136413 5.263850089323698 2.119416672740156 2.1343283582089554 0.0032391544912380166
15 760 2 52.66050419313972 -3.084363431809657 0.6158717374629834 5.2892866330721136 2.2352592305547163 2.3300915524275414 -3.1068033759502693
15 763 2 -74.33135408106351 -21.772783246724675 0.5419877671338211 8.661350470075702 2.507838262301228 4.52693526956398 -0.0013166090305472
15 776 2 46.73554786185502 -18.80293407914293 0.37134109920224423 5.263850089323698 2.119416672740156 2.1343283582089554 0.0032391544912380166
16 760 2 54.900733904182566 -3.351386171477675 0.6158717374629834 5.2892866330721136 2.2352592305547163 2.3300915524275414 -3.1068033759502693
16 776 2 35.37456563642335 -18.79456140072968 0.37134109920224423 5.263850089323698 2.119416672740156 2.1343283582089554 0.0032391544912380166
16 778 1 -63.203245186961595 -3.6767549542238798 0.5708625304091881 3.929834700472163 1.6972553219727708 1.321045966886798 3.140818126512229
16 777 2 72.73395343081177 -19.750017970954342 2.5555214680399008 7.9951895758620655 2.3376598660902466 3.4344608573202007 -0.007694310269773297
17 760 2 57.58760225157982 -3.234874889200938 0.6158717374629834 5.2892866330721136 2.2352592305547163 2.3300915524275414 -3.1068033759502693
17 776 2 22.703220626425388 -18.67750124536615 0.37134109920224423 5.263850089323698 2.119416672740156 2.1343283582089554 0.0032391544912380166
17 778 1 -59.48020275266315 -3.578562541616565 0.5708625304091881 3.929834700472163 1.6972553219727708 1.321045966886798 3.140818126512229
17 777 2 53.42361772362733 -21.318363094470204 2.5555214680399008 7.9951895758620655 2.3376598660902466 3.4344608573202007 -0.007694310269773297
18 760 2 60.14863375658248 -3.4677333168577436 0.6158717374629834 5.2892866330721136 2.2352592305547163 2.3300915524275414 -3.1068033759502693
18 776 2 11.273821493644597 -18.46607265393219 0.37134109920224423 5.263850089323698 2.119416672740156 2.1343283582089554 0.0032391544912380166
18 778 1 -56.07727330219991 -3.530660197965918 0.5708625304091881 3.929834700472163 1.6972553219727708 1.321045966886798 3.140818126512229
18 777 2 39.99962262657131 -21.009041340375514 2.5555214680399008 7.9951895758620655 2.3376598660902466 3.4344608573202007 0.00544661704703997
19 760 2 65.49598744148606 -2.4766505944068373 0.6158717374629834 5.2892866330721136 2.2352592305547163 2.3300915524275414 -3.1068033759502693
19 776 2 -0.9908264079048249 -18.392867922913396 0.37134109920224423 5.263850089323698 2.119416672740156 2.1343283582089554 0.0032391544912380166
19 778 1 -54.40952013172906 -3.531951918213436 0.5708625304091881 3.929834700472163 1.6972553219727708 1.321045966886798 3.140818126512229
19 777 2 24.796012752446423 -20.714373979869823 2.5555214680399008 7.9951895758620655 2.3376598660902466 3.4344608573202007 0.00544661704703997
20 760 2 65.00681725521372 -3.620643229693649 0.6158717374629834 5.2892866330721136 2.2352592305547163 2.3300915524275414 -3.1068033759502693
20 776 2 -12.193339747669386 -18.49691389679581 0.37134109920224423 5.263850089323698 2.119416672740156 2.1343283582089554 0.0032391544912380166
20 778 1 -48.88400878470945 -3.5025395737714624 0.5708625304091881 3.929834700472163 1.6972553219727708 1.321045966886798 3.140818126512229
20 777 2 10.898055769236189 -20.72143950145507 2.5555214680399008 7.9951895758620655 2.3376598660902466 3.4344608573202007 0.00544661704703997
21 760 2 67.37506615726721 -4.389865123946186 0.6158717374629834 5.2892866330721136 2.2352592305547163 2.3300915524275414 -3.139011324145475
21 776 2 -24.345130035117805 -18.40075720939219 0.37134109920224423 5.263850089323698 2.119416672740156 2.1343283582089554 0.0032391544912380166
21 778 1 -45.059955639081835 -3.488655405344349 0.5708625304091881 3.929834700472163 1.6972553219727708 1.321045966886798 3.140818126512229
21 777 2 -3.5135051011287683 -20.93719868352759 2.5555214680399008 7.9951895758620655 2.3376598660902466 3.4344608573202007 0.00544661704703997
22 760 2 69.82570410011053 -4.406229906941105 0.6158717374629834 5.2892866330721136 2.2352592305547163 2.3300915524275414 -3.139011324145475
22 776 2 -36.04519722495868 -18.303137315970776 0.37134109920224423 5.263850089323698 2.119416672740156 2.1343283582089554 0.0032391544912380166
22 778 1 -41.943734238155926 -3.8616810416691014 0.5708625304091881 3.929834700472163 1.6972553219727708 1.321045966886798 3.140818126512229
22 777 2 -17.42544542270406 -21.01297244413428 2.5555214680399008 7.9951895758620655 2.3376598660902466 3.4344608573202007 0.00544661704703997
23 760 2 72.16499788321168 -5.239747339816829 0.6158717374629834 5.2892866330721136 2.2352592305547163 2.3300915524275414 -3.139011324145475
23 776 2 -48.659542797404384 -18.108200027714165 0.37134109920224423 5.263850089323698 2.119416672740156 2.1343283582089554 0.0032391544912380166
23 778 1 -38.33858764984536 -3.729705312065096 0.5708625304091881 3.929834700472163 1.6972553219727708 1.321045966886798 3.140818126512229
23 777 2 -31.906944651809084 -20.98890029010353 2.5555214680399008 7.9951895758620655 2.3376598660902466 3.4344608573202007 0.00544661704703997
24 760 2 74.28149971866975 -6.481564007788319 0.6158717374629834 5.2892866330721136 2.2352592305547163 2.3300915524275414 3.0720201984835676
24 776 2 -59.50277669149592 -18.030062345305414 0.37134109920224423 5.263850089323698 2.119416672740156 2.1343283582089554 0.0032391544912380166
24 778 1 -35.1714237959994 -3.5805443511791886 0.5708625304091881 3.929834700472163 1.6972553219727708 1.321045966886798 3.140818126512229
24 777 2 -45.187978882042714 -20.855341483720107 2.5555214680399008 7.9951895758620655 2.3376598660902466 3.4344608573202007 0.00544661704703997
24 779 2 61.91432776521189 -26.662474158281576 0.8059989728435766 7.0674535339819675 2.101352517791022 2.851086253940113 0.0012934015203038829
25 760 2 76.2279016303797 -7.399838487077195 0.6158717374629834 5.2892866330721136 2.2352592305547163 2.3300915524275414 2.912604279788864
25 776 2 -72.08275283775994 -18.228915717063607 0.37134109920224423 5.263850089323698 2.119416672740156 2.1343283582089554 0.0032391544912380166
25 778 1 -31.92017350852081 -3.6167545365197245 0.5708625304091881 3.929834700472163 1.6972553219727708 1.321045966886798 3.140818126512229
25 777 2 -58.330818518395624 -20.89261016781059 2.5555214680399008 7.9951895758620655 2.3376598660902466 3.4344608573202007 0.00544661704703997
25 779 2 48.70175273124907 -25.922125037205547 0.8059989728435766 7.487831436218279 2.1013525177910215 2.851086253940113 0.0012934015203038829
26 778 1 -28.92148261856328 -3.484309090462063 0.5708625304091881 3.929834700472163 1.6972553219727708 1.321045966886798 3.140818126512229
26 777 2 -71.95369463219936 -21.00112552899619 2.5555214680399008 7.9951895758620655 2.3376598660902466 3.4344608573202007 0.00544661704703997
26 779 2 36.470177556171805 -25.348001589860868 0.8059989728435766 8.063355293802354 2.1412254124994607 2.851086253940113 0.0012934015203038829
27 778 1 -26.040883289782663 -3.57077020172146 0.5708625304091881 3.929834700472163 1.6972553219727708 1.321045966886798 3.140818126512229
27 779 2 23.196350861974995 -24.812122754256425 0.8059989728435766 8.063355293802354 2.1412254124994607 2.851086253940113 0.0012934015203038829
28 778 1 -23.092860851480562 -3.606745528835179 0.5708625304091881 3.929834700472163 1.6972553219727708 1.321045966886798 3.140818126512229
28 779 2 9.853751034992728 -24.552856486378374 0.8059989728435766 8.063355293802354 2.1412254124994607 2.851086253940113 0.0012934015203038829
29 778 1 -20.51552851491426 -3.743509756730514 0.5708625304091881 3.929834700472163 1.6972553219727708 1.321045966886798 3.140818126512229
29 779 2 -2.1064565577331793 -24.11897496903441 0.8059989728435766 8.063355293802354 2.1412254124994607 2.851086253940113 0.0012934015203038829
30 778 1 -17.63474651862389 -3.594126985297061 0.5708625304091881 3.929834700472163 1.6972553219727708 1.321045966886798 3.140818126512229
30 779 2 -13.235798187237357 -24.686416917249463 0.8059989728435766 8.063355293802354 2.1412254124994607 2.851086253940113 0.0012934015203038829
31 778 1 -15.283758154945428 -3.6859116901814137 0.5708625304091881 3.929834700472163 1.6972553219727708 1.321045966886798 3.140818126512229
31 779 2 -23.328043869080254 -25.356213839391977 0.8059989728435766 8.063355293802354 2.1412254124994607 2.851086253940113 0.0012934015203038829
32 778 1 -12.75680722109075 -3.620484875587945 0.5708625304091881 3.929834700472163 1.6972553219727708 1.321045966886798 3.140818126512229
32 779 2 -34.52104660413071 -26.178700675832076 0.8059989728435766 8.063355293802354 2.1412254124994607 2.851086253940113 0.0012934015203038829
33 778 1 -10.532094060460043 -3.968105453413304 0.5708625304091881 4.233841196820159 1.6972553219727746 1.321045966886798 -3.0978637812215197
33 779 2 -45.06264241091429 -26.849078788433424 0.8059989728435766 8.063355293802354 2.1412254124994607 2.851086253940113 0.0012934015203038829
34 778 1 -8.03189718477504 -3.8179532009586654 0.5708625304091881 4.333480330424963 1.7529675257087958 1.321045966886798 -3.0978637812215197
34 779 2 -54.56614168251127 -27.457593541389954 0.8059989728435766 8.063355293802354 2.1412254124994607 2.851086253940113 0.03249669236629771
35 778 1 -5.804450509520071 -3.758284922329993 0.5708625304091881 4.333480330424963 1.7529675257087958 1.321045966886798 -3.0978637812215197
35 779 2 -62.80478153615396 -30.637612626905973 0.8059989728435766 8.063355293802354 2.1412254124994607 2.851086253940113 0.16614893968349187
36 778 1 -3.7442918217305885 -3.762633003941605 0.5708625304091881 4.333480330424963 1.7529675257087958 1.321045966886798 -3.0978637812215197
36 779 2 -71.81392027703188 -32.62317434604726 0.8059989728435766 8.063355293802354 2.1412254124994607 2.851086253940113 0.20555358347215535
37 778 1 -1.4961865430074093 -3.8342122324619075 0.5708625304091881 4.333480330424963 1.7529675257087958 1.321045966886798 3.11500945359757
38 778 1 0.6420627301333802 -3.8910671336390994 0.5708625304091881 4.333480330424963 1.7529675257087958 1.321045966886798 3.11500945359757
39 778 1 2.8168276940103674 -3.9864326343657366 0.5708625304091881 4.333480330424963 1.7529675257087958 1.321045966886798 3.11500945359757
40 778 1 4.730995550700847 -3.9997896639604034 0.5708625304091881 4.333480330424963 1.7529675257087958 1.321045966886798 3.11500945359757
41 778 1 6.772968324968026 -4.14793379197811 0.5708625304091881 4.333480330424963 1.7529675257087958 1.321045966886798 3.11500945359757
42 778 1 8.482310064982915 -4.099535104622151 0.5708625304091881 4.333480330424963 1.7529675257087958 1.321045966886798 3.11500945359757
43 778 1 10.434988521222825 -4.076376443480615 0.5708625304091881 4.333480330424963 1.7529675257087958 1.321045966886798 3.1345907938590925
44 778 1 12.400169580619679 -4.055207411617783 0.9849543990630316 4.833344678825944 1.8695149169670435 1.8432835820888704 3.120643068906406
45 778 1 14.236128815544681 -3.945844287693343 0.6530551239118679 4.777514942356313 1.8228415813988088 1.8432835820902347 3.120643068906406
46 778 1 16.237429732707273 -3.967140277144181 0.6530551239118679 4.777514942356313 1.8228415813988088 1.8432835820902347 3.120643068906406
47 778 1 18.335256097693694 -4.05521215668559 0.6530551239111858 4.833788198316925 1.8269972255021063 1.8432835820888704 3.1143612512623005
48 778 1 20.348972068379766 -4.230594971837238 0.6530551239111858 4.834900514839663 1.9431504974583675 1.8432835820888704 3.1143612512623005
49 778 1 22.581862064144943 -4.403853718012966 0.6530551239111858 4.7300329383789075 1.8350831063431716 1.8432835820888704 3.1143612512623005
50 778 1 25.159805835691245 -4.851869755661016 0.6530551239112995 4.776542941929727 1.9600706711268534 1.8432835820890978 3.060788765819086
51 778 1 27.792123442370748 -5.1058506746500285 0.6530551239111858 4.598300129311141 1.847787362402647 1.8432835820888704 3.052046492320351
52 778 1 30.49519255073139 -5.819343547579129 0.6530551239111858 4.740743258486134 1.9720716896920818 1.8432835820888704 2.983616517328852
53 778 1 33.40866525621865 -6.404148879135337 0.6530551239111858 4.868304013001659 1.9957765217573658 1.8432835820888704 2.9973616581221716
54 778 1 36.07969696436973 -6.987924760635625 0.65305512391147 4.749046284476105 1.9273585393756292 1.8432835820894389 2.9973616581221716
55 778 1 39.093875280182715 -7.1573557026751145 0.6530551239123227 4.754404271209645 1.9359483276309928 1.8432835820911442 2.9973616581221716
56 778 1 41.795904217464795 -7.264097284136091 0.6530551239111858 4.518230060945195 1.9596468764713293 1.8432835820888704 2.9176309132174287
57 778 1 44.75202050694996 -7.815378320320329 0.6530551239112427 4.748914909392728 1.8824436722414188 1.8432835820889841 2.9878449701285543
58 778 1 47.45849237481271 -8.3220307905946 0.6530551239115269 4.662672390519626 1.8410719881592437 1.8432835820895526 2.9878449701285543
59 778 1 50.41180809255165 -8.725605899871447 0.6530551239115269 4.814343462860518 1.9480001824630757 1.8432835820895526 2.9878449701285543
60 778 1 53.14918663212951 -8.387506690890955 0.6530551239117542 4.7925055102037755 1.9795699851635271 1.8432835820900073 2.9878449701285543
61 778 1 55.70632732339151 -8.901964763268762 0.6530551239117542 4.702189897398085 1.960191744834204 1.8432835820900073 2.9878449701285543
62 778 1 58.237365809861764 -9.727976271468123 0.6530551239117542 4.825300420217164 1.8833259150457964 1.8432835820900073 2.9878449701285543
63 778 1 60.58316543547142 -9.745762730942603 0.6530551239117542 4.732208471835392 1.9967273744427345 1.8432835820900073 2.9878449701285543
64 778 1 63.211995159770396 -10.094704477554904 0.6530551239119248 4.817679670892896 1.8930445110941378 1.8432835820903484 2.9878449701285543
65 778 1 65.8955018565403 -10.444862874264372 0.6530551239119248 4.817679670892896 1.8930445110941378 1.8432835820903484 2.9878449701285543
66 778 1 68.33367203401724 -10.788237303211195 0.6530551239128343 4.73110742473997 1.8148864076316924 1.8432835820921674 2.9054441762967826
67 778 1 70.79530091532703 -10.639639652239218 0.6530551239128911 4.688703293550669 1.863750804233474 1.843283582092281 2.9054441762967826
68 778 1 73.19470933024131 -10.334576542701136 0.6530551239117542 4.749420316358294 1.8257736375429872 1.8432835820900073 2.9886570752996295
69 778 1 75.77581803351232 -9.38786699894826 0.6530551239117542 4.741776327181242 1.8976080971991458 1.8432835820900073 2.9886570752996295
70 778 1 78.0644949783065 -8.839680752119358 0.6530551239117542 4.759633930538557 1.8376899594118434 1.8432835820900073 2.9886570752996295
71 788 4 69.20211229533987 -29.99507775128336 1.4340770104957294 10.162788664821038 2.6863074821547888 2.9822771223126567 -0.017840860432831285
72 788 4 63.860944955198825 -30.162310231076347 1.4340770104957294 10.162788664821038 2.6863074821547888 2.9822771223126567 -0.017840860432831285
73 788 4 49.87105479779349 -30.295734411467762 1.4340770104957294 10.162788664821038 2.6863074821547888 2.9822771223126567 -0.017840860432831285
74 788 4 51.75428829448819 -30.19806967645668 1.4340770104957294 10.162788664821038 2.6863074821547888 2.9822771223126567 -0.017840860432831285
75 788 4 46.199297267723715 -30.147204182187167 1.4340770104957294 10.162788664821038 2.6863074821547888 2.9822771223126567 -0.04344550761127364
76 788 4 46.199297267723715 -30.147204182187167 1.4340770104957294 10.162788664821038 2.6863074821547888 2.9822771223126567 -0.04344550761127364
76 790 2 74.99236005853268 -5.921103991892079 1.059863148590773 7.340795021810961 2.625975226151534 3.1954032860184594 3.1349870586104833
77 788 4 34.320990242589275 -29.36016200100952 1.4340770104957294 10.162788664821038 2.6863074821547888 2.9822771223126567 -0.04344550761127364
77 790 2 64.29134390906275 -5.417741364501844 0.8736035262337838 7.228263166637016 2.567769094165007 3.1954032860184642 3.1349870586104833
78 788 4 28.119242719778637 -29.329146804453096 1.4340770104957294 10.162788664821038 2.6863074821547888 2.9822771223126567 -0.04344550761127364
78 790 2 62.50599120508094 -5.901686013604438 2.194974485537845 7.340795021810961 2.625975226151534 3.1954032860184594 3.1349870586104833
79 788 4 28.119242719778637 -29.329146804453096 1.4340770104957294 10.162788664821038 2.6863074821547888 2.9822771223126567 -0.04344550761127364
79 790 2 62.50599120508094 -5.901686013604438 2.194974485537845 7.340795021810961 2.625975226151534 3.1954032860184594 3.1349870586104833
79 793 1 -75.19238811246458 -3.9164562530441844 0.11964776671164895 4.392636479067443 1.823536712810255 1.5861794058905603 -3.118499009927943
80 788 4 15.749070007500334 -29.143785132612017 1.4340770104957294 10.162788664821038 2.6863074821547888 2.9822771223126567 -0.04344550761127364
80 790 2 51.24888291441584 -5.9534512676039215 1.5958879465935587 7.340795021810961 2.625975226151534 3.1954032860184594 3.1349870586104833
80 793 1 -72.9956700890972 -3.5806556825928815 0.11964776671164895 4.392636479067443 1.823536712810255 1.5861794058905603 -3.118499009927943
81 788 4 10.423262271640912 -29.044408954523703 1.4340770104957294 10.162788664821038 2.6863074821547888 2.9822771223126567 -0.04344550761127364
81 790 2 44.75324874851652 -5.973606231866167 1.5958879465935587 7.340795021810961 2.625975226151534 3.1954032860184594 3.1349870586104833
81 793 1 -71.46461792831316 -3.222222318868397 0.11964776671164895 4.392636479067443 1.823536712810255 1.5861794058905603 -3.118499009927943
82 788 4 3.3215499783074116 -29.264284915499708 1.4340770104957294 10.162788664821038 2.6863074821547888 2.9822771223126567 -0.04344550761127364
82 790 2 37.59464763414984 -6.115508074847689 1.5958879465935587 7.340795021810961 2.625975226151534 3.1954032860184594 3.1349870586104833
82 793 1 -69.57136446838824 -2.912435185477018 0.11964776671164895 4.392636479067443 1.823536712810255 1.5861794058905603 -3.118499009927943
83 788 4 -2.757440293377871 -29.264317667763493 1.4340770104957294 10.162788664821038 2.6863074821547888 2.9822771223126567 -0.04344550761127364
83 790 2 31.31785023840796 -6.42089263271953 1.5958879465935587 7.340795021810961 2.625975226151534 3.1954032860184594 3.1349870586104833
83 793 1 -67.57305072776465 -3.0373154304966254 0.11964776671164895 4.392636479067443 1.823536712810255 1.5861794058905603 -3.118499009927943
84 788 4 -8.178828710331793 -29.336988899129555 1.4340770104957294 10.162788664821038 2.6863074821547888 2.9822771223126567 -0.04344550761127364
84 790 2 24.851455189979678 -6.788087883853491 1.5958879465935587 7.340795021810961 2.625975226151534 3.1954032860184594 3.1349870586104833
84 793 1 -66.05836021629979 -2.793284514796859 0.11964776671164895 4.392636479067443 1.823536712810255 1.5861794058905603 -3.118499009927943
84 807 2 63.40174721283165 -7.40438360763211 1.111376708900904 3.123941279283269 2.416818161477396 2.629862366219449 -0.018450038314679063
85 788 4 -15.450677017846203 -29.41731662901073 1.4340770104957294 10.162788664821038 2.6863074821547888 2.9822771223126567 -0.04344550761127364
85 790 2 18.35561274543537 -6.839773030681803 1.5958879465935587 7.340795021810961 2.625975226151534 3.1954032860184594 3.1349870586104833
85 793 1 -64.45760337920292 -2.9843596951326523 0.11964776671164895 4.392636479067443 1.823536712810255 1.5861794058905603 -3.118499009927943
85 807 2 57.01448216898529 -7.5040595067830616 1.111376708900904 3.123941279283269 2.416818161477396 2.629862366219449 -0.018450038314679063
86 788 4 -20.390333780070033 -29.554980758385234 1.4340770104957294 10.162788664821038 2.6863074821547888 2.9822771223126567 -0.04344550761127364
86 790 2 12.017212935076348 -6.924029753301195 1.5958879465935587 7.340795021810961 2.625975226151534 3.1954032860184594 3.1349870586104833
86 793 1 -62.707527207319956 -3.0579614040716945 0.11964776671164895 4.392636479067443 1.823536712810255 1.5861794058905603 -3.118499009927943
86 807 2 49.70423617390483 -7.790088121631584 1.111376708900904 3.123941279283269 2.416818161477396 2.629862366219449 -0.018450038314679063
87 788 4 -27.2225065875812 -29.654422441001074 1.4340770104957294 10.162788664821038 2.6863074821547888 2.9822771223126567 -0.04344550761127364
87 790 2 5.7744450656405455 -6.851260399025259 1.5958879465935587 7.340795021810961 2.625975226151534 3.1954032860184594 3.1349870586104833
87 793 1 -61.162874800173974 -3.2883406474146035 0.11964776671164895 4.392636479067443 1.823536712810255 1.5861794058905603 -3.118499009927943
87 807 2 43.4730500558901 -7.7294214832251615 1.111376708900904 3.123941279283269 2.416818161477396 2.629862366219449 -0.018450038314679063
88 788 4 -33.05298272145228 -30.01766396490822 1.4340770104957294 10.162788664821038 2.6863074821547888 2.9822771223126567 -0.04344550761127364
88 790 2 -0.8794648490241044 -6.964964517760715 1.5958879465935587 7.340795021810961 2.625975226151534 3.1954032860184594 3.1349870586104833
88 793 1 -59.86689867939329 -3.4484473996102536 0.11964776671164895 4.392636479067443 1.823536712810255 1.5861794058905603 -3.118499009927943
88 807 2 35.913174833382755 -7.562769651594592 1.111376708900904 3.123941279283269 2.416818161477396 2.629862366219449 -0.018450038314679063
89 788 4 -42.389399942418976 -28.951023521655348 1.4340770104957294 10.162788664821038 2.6863074821547888 2.9822771223126567 -0.04344550761127364
89 790 2 -7.564696667609816 -7.046930175285098 1.5958879465935587 7.340795021810961 2.625975226151534 3.1954032860184594 3.1349870586104833
89 793 1 -58.06027935993487 -3.501739000608871 0.11964776671164895 4.392636479067443 1.823536712810255 1.5861794058905603 -3.118499009927943
89 807 2 29.482645706266226 -7.267598578288934 1.111376708900904 3.123941279283269 2.416818161477396 2.629862366219449 -0.018450038314679063
90 788 4 -48.81248503301299 -28.759894911730115 1.4340770104957294 10.162788664821038 2.6863074821547888 2.9822771223126567 -0.04344550761127364
90 790 2 -14.376049216459805 -7.128062718229482 1.5958879465935587 7.340795021810961 2.625975226151534 3.1954032860184594 3.1349870586104833
90 793 1 -56.71126983257528 -3.4895840043305797 0.11964776671164895 4.392636479067443 1.823536712810255 1.5861794058905603 -3.118499009927943
90 807 2 23.093087195799914 -6.95960549248613 1.111376708900904 3.123941279283269 2.416818161477396 2.629862366219449 -0.018450038314679063
91 788 4 -55.61980424325853 -29.300923489622626 1.4340770104957294 10.162788664821038 2.6863074821547888 2.9822771223126567 -0.04344550761127364
91 790 2 -21.345677514075092 -7.302744415647075 1.5958879465935587 7.340795021810961 2.625975226151534 3.1954032860184594 3.1349870586104833
91 793 1 -55.34195019727528 -3.5339721556277857 0.11964776671164895 4.392636479067443 1.823536712810255 1.5861794058905603 -3.118499009927943
91 807 2 15.839873485722038 -7.093609536153022 1.111376708900904 3.123941279283269 2.416818161477396 2.629862366219449 0.027213830360871327
92 788 4 -61.628049131862035 -29.795094730985447 1.4340770104957294 9.802472412063322 2.4092534910169383 2.9822771223126567 -0.04344550761127364
92 790 2 -29.195026743865217 -6.998641572513717 1.0913940190615279 7.340795021810961 2.625975226151534 3.1954032860184594 3.1349870586104833
92 793 1 -54.36567119204641 -3.0173160074158285 0.11964776671164895 4.392636479067443 1.823536712810255 1.5861794058905603 -3.118499009927943
92 807 2 9.487091236061838 -7.211860487687718 1.111376708900904 3.123941279283269 2.416818161477396 2.629862366219449 0.027213830360871327
