0 648 1 -16.580611597323674 1.0760032392112033 0.5895984684310984 5.445064603953597 2.153110452541324 2.1153899843915385 -3.099379464442875
0 649 2 -28.39559657698035 -6.05891912248656 1.5269853116003023 9.679221169333106 3.147919413637093 5.224703925284274 3.1350622758895925
0 652 2 -41.397132395054534 -0.5877489150414599 1.2348850862266696 9.733312515364926 2.7999133882749505 4.3330260023993175 3.141250172987389
1 648 1 -16.324383533087985 1.5181983536393926 0.5895984684310984 5.445064603953597 2.153110452541324 2.1153899843915385 -3.049438870643051
1 649 2 -24.850629934421757 -6.018442832124866 1.5269853116003023 10.363617668808956 3.1016444663298604 5.224703925284274 3.1350622758895925
1 652 2 -42.07508421782889 -0.33985352485032616 1.2348850862266696 9.758747571014021 3.482932425057854 4.3330260023993175 3.141250172987389
2 648 1 -15.887411680570315 1.8884110216926937 0.5895984684310984 5.445064603953597 2.153110452541324 2.1153899843915385 -3.049438870643051
2 649 2 -22.034229051134382 -6.166867724379248 1.5269853116003023 10.363617668808956 3.1016444663298604 5.224703925284274 3.1350622758895925
2 652 2 -42.64545460232592 -0.38039793396572325 1.2348850862266696 9.758747571014021 3.482932425057854 4.3330260023993175 3.141250172987389
3 648 1 -15.229408004634887 2.161254150848114 0.5895984684310984 5.445064603953597 2.153110452541324 2.1153899843915385 -3.049438870643051
3 649 2 -19.17335367718167 -6.142206430281453 1.5269853116003023 10.363617668808956 3.1016444663298604 5.224703925284274 3.1350622758895925
3 652 2 -43.13428968625611 -0.25801126767740884 1.2348850862266696 9.758747571014021 3.482932425057854 4.3330260023993175 3.141250172987389
4 648 1 -14.51111650351589 2.5799196076629083 0.5895984684310984 5.445064603953597 2.153110452541324 2.1153899843915385 -3.0934427245673364
4 649 2 -16.659499812929045 -6.158623078865949 1.5269853116003023 10.363617668808956 3.1016444663298604 5.224703925284274 3.1350622758895925
4 652 2 -43.623124770186244 -0.1356246013890709 1.2348850862266696 9.758747571014021 3.482932425057854 4.3330260023993175 3.141250172987389
5 648 1 -13.459487971946858 2.954062494043433 0.5895984684310984 5.445064603953597 2.153110452541324 2.1153899843915385 -3.087938859708406
5 649 2 -14.534877583719833 -6.042465392450181 1.5269853116003023 10.363617668808956 3.1016444663298604 5.224703925284274 3.1350622758895925
5 652 2 -43.908233223283226 0.06817179230908377 1.2348850862266696 9.758747571014021 3.482932425057854 4.3330260023993175 3.141250172987389
6 648 1 -12.395464372009737 3.1017331452124335 0.5895984684310984 5.41029767237895 2.054604146413171 2.1153899843915385 -3.1199741752707486
6 649 2 -12.672787485017334 -6.141327066981716 1.5269853116003023 10.363617668808956 3.1016444663298604 5.224703925284274 -3.1235955971254263
6 652 2 -44.11186218610537 0.27194028086123556 1.2348850862266696 9.758747571014021 3.482932425057854 4.3330260023993175 3.141250172987389
7 648 1 -11.14473911619114 3.1743141202049605 0.5895984684310984 5.41029767237895 2.054604146413171 2.1153899843915385 -3.1199741752707486
7 649 2 -11.019037369750627 -6.1985464939346295 1.5269853116003023 10.363617668808956 3.1016444663298604 5.224703925284274 -3.1235955971254263
7 652 2 -44.1525321683778 0.4756529591213795 1.2348850862266696 9.758747571014021 3.482932425057854 4.3330260023993175 3.141250172987389
7 655 2 43.7431405191729 -37.59961733188172 0.5184820815071459 9.430525567261686 3.8926664281560397 3.1861505242307833 -0.9011446486997956
8 648 1 -9.883618839149664 3.2926578398645354 0.5895984684310984 5.387534000258735 2.054604146413172 2.1153899843915385 -3.1199741752707486
8 649 2 -9.756594222098823 -6.262809054904743 1.5269853116003023 10.363617668808956 3.1016444663298604 5.224703925284274 -3.1235955971254263
8 652 2 -43.90807974498022 0.5163089888207957 1.2348850862266696 9.758747571014021 3.482932425057854 4.3330260023993175 3.141250172987389
8 655 2 36.69748657508568 -34.23216040524781 0.3930266047392871 11.042151700479447 3.8247999540242814 4.203967934222284 -0.6895090965381868
9 648 1 -8.038287527825034 3.3854772010826175 0.5895984684310984 4.640905974419224 2.029831732472538 2.1153899843915385 -3.132872525767943
9 649 2 -8.539727685515741 -6.32337634089128 1.5269853116003023 10.363617668808956 3.1016444663298604 5.224703925284274 3.140375357350624
9 652 2 -43.663613369009646 0.5977047636576376 1.2348850862266696 9.758747571014021 3.482932425057854 4.3330260023993175 3.141250172987389
9 655 2 28.318267117510437 -30.790407134127356 0.3930266047392871 11.042151700479447 3.8247999540242814 4.203967934222284 -0.571466610390548
10 648 1 -6.561701151388064 3.5344745994033735 0.5895984684310984 4.640905974419224 2.029831732472538 2.1153899843915385 -3.132872525767943
10 649 2 -7.534792176932429 -6.2380489102975165 1.602600931034923 10.382614019758163 3.101644466331238 5.073472686415032 3.140375357350624
10 652 2 -43.33763959761823 0.7605521236233344 1.2348850862266696 9.758747571014021 3.482932425057854 4.3330260023993175 3.141250172987389
10 655 2 20.41464955981054 -27.870951366735085 0.3930266047392871 11.042151700479447 3.8247999540242814 4.203967934222284 -0.48218574621536536
11 648 1 -5.123325298941764 3.605355331481305 0.5895984684310984 4.640905974419224 2.029831732472538 2.1153899843915385 -3.132872525767943
11 649 2 -6.537741981686902 -6.325971940147507 1.602600931034923 10.382614019758163 3.101644466331238 5.073472686415032 3.140375357350624
11 652 2 -42.644966262270934 1.0454931458443002 1.2348850862266696 9.758747571014021 3.482932425057854 4.3330260023993175 3.141250172987389
11 655 2 12.335061508391984 -25.688600938460752 0.3930266047392871 11.042151700479447 3.8247999540242814 4.203967934222284 -0.3352156721533439
12 648 1 -3.704176503424179 3.6469180285543885 0.5895984684310984 4.640905974419224 2.029831732472538 2.1153899843915385 -3.132872525767943
12 649 2 -5.844121194614678 -6.370170944438853 1.602600931034923 10.382614019758163 3.101644466331238 5.073472686415032 3.140375357350624
12 652 2 -41.99304662463406 1.2897083755008394 1.2348850862266696 9.758747571014021 3.482932425057854 4.3330260023993175 3.141250172987389
12 655 2 1.0665898467661474 -20.933046024303778 0.3930266047392871 11.042151700479447 3.8247999540242814 4.203967934222284 -0.27169023749855103
12 657 2 50.017629162076084 -6.2202855541246835 0.6830336703780536 9.348258877610109 3.5497882715034286 4.106434898572709 -3.1340208535137597
12 658 2 53.720670947791874 -2.2736513125979303 0.5863037462514411 5.553088431596023 2.4590366121042204 3.7001763055311603 -3.141373283056187
13 648 1 -2.331459262719606 3.976332413095422 0.5895984684310984 4.640905974419224 2.029831732472538 2.1153899843915385 -3.132872525767943
13 649 2 -5.23726237826807 -6.457618995556141 1.602600931034923 10.382614019758163 3.101644466331238 5.073472686415032 3.140375357350624
13 652 2 -40.89297583791247 1.5745098719917874 1.2348850862266696 9.758747571014021 3.482932425057854 4.3330260023993175 3.141250172987389
13 655 2 -7.82400235975677 -22.59111198938289 0.3930266047392871 11.042151700479447 3.8247999540242814 4.203967934222284 -0.17738584018633485
13 657 2 46.31778068417613 -6.531147375422626 0.6830336703780536 9.348258877610109 3.5497882715034286 4.106434898572709 -3.1340208535137597
13 658 2 47.08417656845809 -2.685983676683626 0.5863037462517822 5.619234609013255 2.5643984011030345 3.7001763055318424 -3.141373283056187
13 659 1 41.9297802926932 -19.808196821698733 0.5518801142447164 4.943961007174666 2.313444034956866 2.7243075051792576 0.07418304325368363
13 660 2 48.377850737962774 -15.033200302983815 0.7626774602991061 6.008002719392867 2.292506445979534 3.0685717915186803 0.17307805554027422
14 648 1 -0.8186066513032353 4.097620566631679 0.5895984684310984 4.640905974419224 2.029831732472538 2.1153899843915385 -3.05553771434528
14 649 2 -4.977240343164954 -6.54464484335548 1.602600931034923 10.382614019758163 3.101644466331238 5.073472686415032 3.140375357350624
14 652 2 -39.83364479632833 1.8593253210557323 1.2348850862266696 9.758747571014021 3.482932425057854 4.3330260023993175 3.141250172987389
14 655 2 -17.54675148349991 -21.828901514211974 0.3930266047392871 11.042151700479447 3.8247999540242814 4.203967934222284 -0.08596194009419733
14 657 2 42.40761664043853 -6.9520900615012495 0.6830336703780536 9.348258877610109 3.5497882715034286 4.106434898572709 -3.1340208535137597
14 658 2 43.31699096117885 -2.8722805225425256 0.5863037462511 5.63850851016997 2.469833963935771 3.700176305530478 -3.141373283056187
14 659 1 32.621276260103286 -19.044466893415468 0.5518801142447164 4.943961007174666 2.313444034956866 2.7243075051792576 0.07418304325368363
14 660 2 40.50894098214829 -15.346801509963267 0.7626774602989924 6.321807432024967 2.290696730220421 3.068571791518453 0.02713630844871151
15 648 1 0.5816562827750402 4.676599663666921 0.5895984684310984 4.640905974419224 2.029831732472538 2.1153899843915385 -3.0224481717589926
15 649 2 -4.76057290571727 -6.631617915740072 1.602600931034923 10.382614019758163 3.101644466331238 5.073472686415032 3.140375357350624
15 652 2 -38.44846555650977 1.940330423848521 1.2348850862266696 9.758747571014021 3.482932425057854 4.3330260023993175 3.141250172987389
15 655 2 -29.57725254908484 -21.376190145586598 0.3930266047392871 11.042151700479447 3.8247999540242814 4.203967934222284 -0.08596194009419733
15 657 2 38.90818646205382 -6.43722824836372 0.6830336703780536 9.348258877610109 3.5497882715034286 4.106434898572709 -3.1340208535137597
15 658 2 39.49322804981129 -2.6407179180934364 0.5863037462512137 5.453112094567147 2.483679435298395 3.7001763055307055 -3.141373283056187
15 659 1 22.522116065033494 -19.95391436428953 0.5518801142447164 6.20537229900634 2.4051380965653264 2.7243075051792576 0.08052187474207573
15 660 2 32.69227065901822 -14.741073121500609 0.6854422439137497 6.805533452419906 2.609079612718432 3.2230422242889385 -0.011287831124457082
16 648 1 1.8038860569961923 5.38633315047352 0.5895984684310984 4.640905974419224 2.029831732472538 2.1153899843915385 -2.9489875481522443
16 649 2 -4.890636698683579 -6.631459589495837 1.602600931034923 10.382614019758163 3.101644466331238 5.073472686415032 3.140375357350624
16 652 2 -37.02253261898077 2.0620613192057378 1.2348850862266696 9.758747571014021 3.482932425057854 4.3330260023993175 3.141250172987389
16 655 2 -37.8489679282503 -21.246119794498004 0.3930266047392871 11.042151700479447 3.8247999540242814 4.203967934222284 -0.009222706713637896
16 657 2 35.39481605207545 -6.454919120080405 0.6830336703780536 9.348258877610109 3.5497882715034286 4.106434898572709 -3.1340208535137597
16 658 2 35.82766455074206 -2.7768444101978593 0.5863037462511 5.5676252673805795 2.6078568330785576 3.700176305530478 -3.141373283056187
16 659 1 13.6885638566604 -20.2744691617133 0.5518801142447164 6.20537229900634 2.4051380965653264 2.7243075051792576 0.09049703816119314
16 660 2 24.904565935400104 -14.743230168639704 0.6854422439137497 6.805533452419906 2.609079612718432 3.2230422242889385 -0.011287831124457082
17 648 1 3.066036650178938 6.434666997457838 0.5895984684310984 4.640905974419224 2.029831732472538 2.1153899843915385 -2.9090221653864035
17 649 2 -5.10740968696076 -6.631195712422114 1.602600931034923 10.382614019758163 3.101644466331238 5.073472686415032 3.140375357350624
17 652 2 -35.59666944431679 1.9800934888758135 1.2348850862266696 9.758747571014021 3.482932425057854 4.3330260023993175 3.141250172987389
17 655 2 -49.636823627774696 -20.906204879546838 0.3930266047392871 11.042151700479447 3.8247999540242814 4.203967934222284 -0.04104895371245698
17 657 2 32.005376107973554 -6.328860543722461 0.6830336703780536 9.348258877610109 3.5497882715034286 4.106434898572709 -3.1340208535137597
17 658 2 33.01403799927243 -2.755732420455123 0.5863037462510432 6.4875717929249275 2.5643984011030416 3.7001763055303645 -3.141373283056187
17 659 1 2.170234619728865 -20.89026284178104 0.5518801142447164 6.20537229900634 2.4051380965653264 2.7243075051792576 0.015410090071754423
17 660 2 16.775748786834825 -14.533781403288128 0.6854422439137497 6.805533452419903 2.4878328769263613 3.2230422242889385 -0.011287831124457082
17 661 1 32.57269852835104 -14.86059779556293 0.7691249053566545 6.675453472051592 3.053344499789664 3.05312769294707 -0.00534318016031321
17 662 1 37.64271773567937 -23.802276477490103 0.662702138017666 7.651388024913091 3.51756116166969 3.557102340722696 0.0734272108368148
18 648 1 4.3732493793866425 7.92909397692133 0.5895984684310984 4.640905974419224 2.029831732472538 2.1153899843915385 -2.8237313871123706
18 649 2 -5.540955663515116 -6.630667958274672 1.602600931034923 10.382614019758163 3.101644466331238 5.073472686415032 3.140375357350624
18 652 2 -34.558806439020806 2.049714728056593 1.234885086227238 11.023728667190078 3.6688970391951075 4.333026002400454 3.141250172987389
18 655 2 -60.069147541642295 -20.540198360718506 0.3930266047392871 11.042151700479447 3.8247999540242814 4.203967934222284 -0.024927817613278558
18 657 2 28.921243235588424 -6.451783183415491 0.6830336703780536 9.348258877610109 3.5497882715034286 4.106434898572709 -3.1027932074732236
18 658 2 29.90161236279138 -2.7914155943447847 0.5863037462510432 6.4875717929249275 2.5643984011030416 3.7001763055303645 -3.141373283056187
18 659 1 -6.0232357111588035 -21.259502689093637 0.5518801142447164 7.742015407512817 2.562073636930896 2.7243075051792576 0.015410090071754423
18 660 2 9.26401824842818 -14.736131450747344 0.6854422439137497 8.062922811016797 2.672706867150865 3.2230422242889385 -0.011287831124457082
18 661 1 24.280050087225824 -15.679649931798979 0.7691249053566545 6.675453472051592 3.053344499789664 3.05312769294707 -0.00534318016031321
18 662 1 28.58943108909762 -24.166781009902312 0.662702138017666 7.651388024913091 3.51756116166969 3.557102340722696 0.09938697539822394
19 648 1 5.675213395574518 9.687437495502298 0.5895984684310984 4.640905974419224 2.029831732472538 2.1153899843915385 -2.6880091149927114
19 649 2 -6.147761704446981 -6.499865309501941 1.602600931034923 10.382614019758163 3.101644466331238 5.073472686415032 3.140375357350624
19 652 2 -32.80984706913349 2.601359040975647 1.234885086227238 11.023728667190078 3.6688970391951075 4.333026002400454 3.141250172987389
19 655 2 -69.71800234804944 -19.672623694814636 0.3930266047392871 11.042151700479447 3.8247999540242814 4.203967934222284 -0.007393444615905631
19 657 2 25.98348056301722 -6.611943624382222 0.6830336703780536 9.348258877610109 3.5497882715034286 4.106434898572709 3.1368440872572934
19 658 2 26.67640302352128 -2.792123110249875 0.5863037462520095 5.784586828610532 2.5643984011030367 3.700176305532297 -3.141373283056187
19 659 1 -17.976049210980005 -21.281304280922505 0.5518801142447164 7.742015407512817 2.562073636930896 2.7243075051792576 0.015410090071754423
19 660 2 1.1562203734468453 -14.74595419776702 0.6854422439137497 8.062922811016797 2.672706867150865 3.2230422242889385 -0.011287831124457082
19 661 1 16.766798199186717 -15.86024859795727 0.7691249053566545 6.675453472051592 3.053344499789664 3.05312769294707 0.0011046541342005778
19 662 1 17.44799407989467 -25.033154311789218 0.662702138017666 7.651388024913091 3.51756116166969 3.557102340722696 -0.0048871058510628895
19 664 1 31.14117370539209 -14.46338756692241 0.8360910628933393 4.966099053714859 2.1753811157166387 2.733898197353527 0.20390056436483506
20 648 1 6.899471207096067 12.17414204233343 0.5895984684310984 4.640905974419224 2.029831732472538 2.1153899843915385 -2.5531457156648503
20 649 2 -6.668016876312206 -6.499232004525007 1.602600931034923 10.382614019758163 3.101644466331238 5.073472686415032 3.140375357350624
20 652 2 -30.830865157486027 2.9228232016325113 1.234885086227238 11.023728667190078 3.6688970391951075 4.333026002400454 3.141250172987389
20 657 2 23.23102802327047 -6.470690308730183 0.6830336703780536 9.433424998794727 3.0237196677673657 4.106434898572709 3.1368440872572934
20 658 2 24.434402496809916 -2.958866836288299 0.5863037462510432 6.4875717929249275 2.5643984011030416 3.7001763055303645 -3.141373283056187
20 660 2 -7.929606352087325 -14.609608534836637 0.6854422439137497 8.062922811016797 2.672706867150865 3.2230422242889385 -0.011287831124457082
20 661 1 8.626403700331739 -16.0086340455713 0.7691249053566545 6.675453472051592 3.053344499789664 3.05312769294707 0.0011046541342005778
20 664 1 23.019330931222505 -15.384793357020843 0.8360910628922025 6.058646213505087 2.2217454391799336 2.733898197351253 0.07829575639957431
21 648 1 7.996656805271117 15.1979219211288 0.5895984684310984 4.640905974419224 2.029831732472538 2.1153899843915385 -2.3942905037431204
21 649 2 -7.058208255211126 -6.498757025792309 1.602600931034923 10.382614019758163 3.101644466331238 5.073472686415032 3.140375357350624
21 652 2 -29.21975703356881 3.320251208208063 1.234885086227238 11.757220302019128 3.5452412137447205 4.333026002400454 -3.0913613985803394
21 657 2 20.554602677724027 -6.60240037656658 0.6830336703780536 9.389728261001638 2.805235978801914 4.106434898572709 3.1368440872572934
21 658 2 21.808496141377603 -3.032604316092987 0.5863037462510432 6.576412648342116 2.2593781308374132 3.7001763055303645 -3.141373283056187
21 660 2 -17.218099427487314 -14.470975111208407 0.6854422439137497 8.062922811016797 2.672706867150865 3.2230422242889385 -0.011287831124457082
21 661 1 -0.9639546800422663 -15.907713580098484 0.7691249053566545 6.675453472051592 3.053344499789664 3.05312769294707 0.0011046541342005778
21 664 1 15.376850401893208 -15.492368407637693 0.8360910628922025 6.058646213505087 2.2217454391799336 2.733898197351253 0.03909457551765039
21 666 1 23.096103064782866 -18.289258524387684 0.579100967466744 4.552586951282791 2.300281758027239 2.206915752305468 0.2144527173630355
22 648 1 9.35494679734633 18.851966408633693 0.5895984684310984 4.640905974419224 2.029831732472538 2.1153899843915385 -2.3942905037431204
22 649 2 -7.535319931079892 -6.671594886851859 1.602600931034923 10.382614019758163 3.101644466331238 5.073472686415032 3.140375357350624
22 652 2 -26.894079465523912 3.6364541761663585 1.234885086227238 11.757220302019128 3.5452412137447205 4.333026002400454 -3.0913613985803394
22 657 2 17.647917931904754 -6.697418060328783 0.6830336703780536 8.665297550654131 2.7862244638636935 4.106434898572709 3.1368440872572934
22 660 2 -27.793902011351804 -14.716179568567611 0.6854422439137497 8.062922811016797 2.672706867150865 3.2230422242889385 -0.011287831124457082
22 661 1 -8.965325780029776 -15.721401958431699 0.7691249053566545 6.675453472051592 3.053344499789664 3.05312769294707 0.0011046541342005778
22 664 1 7.554817263258062 -15.401106512588541 0.8360910628922025 6.058646213505087 2.2217454391799336 2.733898197351253 -0.013077362998021647
22 666 1 15.164117746202761 -18.768147669651302 0.579100967466744 5.686125305431711 2.42765745859663 2.206915752305468 0.07350386121402797
22 674 2 49.9491084015967 -5.071053210976537 1.4949128065486113 9.042977782209995 3.7903056468075937 4.342786875701148 0.6039051878513741
22 658 2 18.488056846947877 -3.000030879882081 0.9824053939673136 5.130023382807557 2.036457026699703 2.4538042522875547 3.134748978836729
23 648 1 5.019425283214751 21.423826021095934 0.5895984684306437 5.167234363428433 2.3247390031487507 2.115389984390629 -2.300582533757061
23 649 2 -7.968865907634248 -6.671067132704414 1.602600931034923 10.382614019758163 3.101644466331238 5.073472686415032 3.140375357350624
23 652 2 -26.89355299314331 3.9519532914126336 1.234885086226897 15.901923058647387 3.8506184815533286 4.333026002399772 -3.0782085881345767
23 657 2 15.648793116120855 -6.658180855075135 0.6830336703780536 9.389728261001638 2.805235978801914 4.106434898572709 3.1368440872572934
23 658 2 17.053702697558208 -3.145464803264152 0.5863037462510432 6.576412648342116 2.2593781308374132 3.7001763055303645 -3.141373283056187
23 660 2 -33.20062576847124 -14.857838966491258 0.6854422439137497 8.062922811016797 2.672706867150865 3.2230422242889385 -0.011287831124457082
23 661 1 -17.10750645923774 -14.252829146335584 0.7691249053566545 6.675453472051592 3.053344499789664 3.05312769294707 -0.023882336207045718
23 664 1 -2.2542094498534304 -15.425289998255419 0.8360910628922025 6.058646213505087 2.2217454391799336 2.733898197351253 -0.013077362998021647
23 666 1 7.477642956454326 -17.181437964889042 0.579100967466744 6.185054915126252 2.5479527399854343 2.206915752305468 0.005254355806975308
23 674 2 44.843714234573 -7.260186000427053 1.4949128065486113 9.042977782209995 3.7903056468075937 4.342786875701148 0.6039051878513741
23 675 4 -13.809799295800397 6.9376165275352815 0.3189271209366433 2.3623334282415236 0.7523644132448624 1.5264324607122899 -2.8602776717655742
24 648 1 3.0739124082132476 21.474285806476754 0.5895984684306437 5.167234363428433 2.3247390031487507 2.115389984390629 -2.300582533757061
24 649 2 -8.489173854914219 -6.713788425382915 1.602600931034923 10.382614019758163 3.101644466331238 5.073472686415032 3.140375357350624
24 652 2 -25.02128267679462 4.269546765895557 1.234885086226897 15.901923058647387 3.8506184815533286 4.333026002399772 -3.0522488235731675
24 657 2 13.424880232075775 -6.7277828730898035 0.6830336703780536 8.594770962980077 2.864110347642859 4.106434898572709 3.1368440872572934
24 658 2 14.56231820029995 -3.101149151411561 0.586303746251498 5.137112493755201 1.9824718657084424 3.700176305531274 -3.102642429803776
24 660 2 -39.31182250412539 -14.834804474249854 0.6854422439137497 8.062922811016797 2.672706867150865 3.2230422242889385 0.00432979934082911
24 664 1 -10.915941920348478 -15.159543919267755 0.8360910628922025 6.058646213505087 2.2217454391799336 2.733898197351253 -0.013077362998021647
24 666 1 -1.8830078371123764 -19.050131279902182 0.579100967466744 6.185054915126252 2.5479527399854343 2.206915752305468 0.005254355806975308
24 674 2 38.55619709902121 -10.089700150799587 1.4949128065486113 9.042977782209995 3.7903056468075937 4.342786875701148 0.5255568457852471
24 684 1 17.44811113567301 -17.004367160841916 -0.1366787133115781 4.822419662024994 2.0248180508036793 1.9978450353197086 0.1647589812996202
25 648 1 1.2258865340097316 21.522049588713802 0.5895984684306437 5.167234363428433 2.3247390031487507 2.115389984390629 -2.300582533757061
25 649 2 -9.009376251364701 -6.669800522750547 1.602600931034923 10.382614019758163 3.101644466331238 5.073472686415032 3.140375357350624
25 652 2 -23.19458962787944 4.511651727754206 1.234885086226897 17.080431320936583 3.7742324652244985 4.333026002399772 -2.9938925624077655
25 657 2 11.691500643621318 -6.645291395939976 0.6830336703780536 8.211311389752883 2.9710501191703464 4.106434898572709 -3.132833090796687
25 658 2 12.860136840450217 -3.178851662781083 0.5863037462521232 5.37851672781538 2.186845428961533 3.7001763055325245 -3.121901546090477
25 660 2 -48.44510527511591 -14.975463196438843 0.6854422439137497 8.062922811016797 2.672706867150865 3.2230422242889385 0.00432979934082911
25 664 1 -18.409957424315422 -14.985302870326281 0.8360910628922025 6.058646213505087 2.2217454391799336 2.733898197351253 -0.013077362998021647
25 666 1 -10.706007467755187 -19.018870633320898 0.579100967466744 6.185054915126252 2.5479527399854343 2.206915752305468 0.005254355806975308
25 674 2 32.49169569485117 -12.790507868850721 1.4949128065486113 9.042977782209995 3.7903056468075937 4.342786875701148 0.4398835304887849
25 684 1 9.757021729606322 -17.720724193918958 0.1421827392721438 4.869031884282614 1.9203055538860068 1.6712272091526685 0.11117469295299043
26 649 2 -9.57298602088536 -6.66911444235887 1.602600931034923 10.382614019758163 3.101644466331238 5.073472686415032 3.140375357350624
26 652 2 -21.191011551070655 5.398877529815179 1.234885086226897 17.080431320936583 3.7742324652244985 4.333026002399772 -2.9938925624077655
26 657 2 10.26043676305774 -6.559535838410218 0.6830336703780536 8.174371172975238 2.582540612287677 4.106434898572709 3.1368440872572934
26 658 2 11.267978801227587 -3.3157885247368912 0.5863037462517253 5.35889943828272 2.1769153566809076 3.7001763055317287 -3.121901546090477
26 660 2 -56.63497446315013 -15.044628306028551 0.6854422439137497 8.062922811016797 2.672706867150865 3.2230422242889385 0.00432979934082911
26 664 1 -26.334892073181067 -14.72919271321799 0.8360910628922025 6.058646213505087 2.2217454391799336 2.733898197351253 -0.013077362998021647
26 666 1 -18.83248329638938 -18.595848906364335 0.579100967466744 6.185054915126252 2.5479527399854343 2.206915752305468 0.005254355806975308
26 674 2 24.385486605314938 -15.794804046792242 1.4949128065486113 9.042977782209995 3.7903056468075937 4.342786875701148 0.3468506264899729
26 684 1 1.8519725291670364 -18.347307593495444 0.3421853011798774 4.869632128749297 2.088046493964936 2.0162454873646207 0.06435207457593095
27 649 2 -10.006584772854454 -6.711941285866865 1.602600931034923 10.382614019758163 3.101644466331238 5.073472686415032 3.140375357350624
27 652 2 -18.699588564316105 6.20004409352772 1.234885086226897 17.080431320936583 3.7742324652244985 4.333026002399772 -2.859173068983256
27 657 2 9.09817241969913 -6.676558035262453 0.6830336703780536 8.127455660305117 2.7491213460004005 4.106434898572709 -3.1392010336101484
27 658 2 10.114582659579028 -3.2204408706862755 0.5863037462521232 5.178108204680989 2.161888701786144 3.7001763055325245 -3.121901546090477
27 660 2 -64.75977102262337 -14.574241297926207 0.6854422439137497 8.062922811016797 2.672706867150865 3.2230422242889385 0.00432979934082911
27 664 1 -33.46688041089453 -15.161363950903455 0.8360910628922025 6.058646213505087 2.2217454391799336 2.733898197351253 -0.013077362998021647
27 674 2 19.808268945827262 -16.677946511870626 1.4949128065486113 9.042977782209995 3.7903056468075937 4.342786875701148 0.2169106588711529
27 684 1 -6.076270170697807 -18.816435139065046 0.3421853011798774 4.869632128749297 2.088046493964936 2.0162454873646207 0.06435207457593095
28 649 2 -10.266712358787071 -6.711624633378396 1.602600931034923 10.382614019758163 3.101644466331238 5.073472686415032 3.140375357350624
28 652 2 -16.29831783192229 7.501593967147269 1.234885086226897 17.080431320936583 3.7742324652244985 4.333026002399772 -2.797541867533061
28 657 2 8.119672630237025 -6.736330726195845 0.6830336703780536 8.133524773822792 2.799459128996747 4.106434898572709 3.1368440872572934
28 658 2 8.998414253894227 -3.1512378606631377 0.5863037462524643 5.030977584533664 2.0348181810565125 3.7001763055332066 -3.121901546090477
28 660 2 -71.97179320450044 -14.740285693080345 0.6854422439137497 8.062922811016797 2.672706867150865 3.2230422242889385 0.00432979934082911
28 664 1 -39.89480623407534 -15.077298839335132 0.8360910628922025 6.058646213505087 2.2217454391799336 2.733898197351253 -0.013077362998021647
28 674 2 12.620187307687907 -17.950947436104226 1.4949128065486113 9.042977782209995 3.7903056468075937 4.342786875701148 0.14224522594641242
29 649 2 -10.526787169304937 -6.6679533832344955 1.602600931034923 10.382614019758163 3.101644466331238 5.073472686415032 3.140375357350624
29 652 2 -17.259670900726796 7.354956609228515 1.234885086226897 12.231173665570468 3.421087440507618 4.333026002399772 -2.797541867533061
29 657 2 7.345925930065696 -6.500064003075838 0.6830336703780536 8.23228730013583 2.7267751500145536 4.106434898572709 3.1368440872572934
29 658 2 8.33293789002488 -3.2360561546183018 0.5863037462510432 5.093963153503447 2.122952632026842 3.7001763055303645 -3.121901546090477
29 664 1 -46.45175980344316 -15.144013290538528 0.8360910628922025 6.058646213505087 2.2217454391799336 2.733898197351253 -0.013077362998021647
29 674 2 7.000995002001683 -18.138071960979335 1.4949128065486113 8.925079949346157 3.009271184476064 4.342786875701148 0.1022074282806984
29 685 2 -8.834794289234878 11.270584148262614 1.340867271524953 5.319790757972203 3.2873368071926565 4.130194394184893 -2.5715870406746983
29 689 1 63.48770901957988 -11.740954986160292 0.07990777855061054 3.951621471379753 2.0181894738661397 2.067491748753871 -0.06796414542700813
30 649 2 -10.526787169304937 -6.6679533832344955 1.602600931034923 10.382614019758163 3.101644466331238 5.073472686415032 3.140375357350624
30 652 2 -14.12891119225271 9.299532272345296 1.234885086226897 12.231173665570468 3.421087440507618 4.333026002399772 -2.688248877864426
30 657 2 6.8734858396236875 -6.576372122673996 0.6830336703780536 8.230132379294476 2.7268781609951804 4.106434898572709 3.1368440872572934
30 658 2 7.795677554803126 -3.34071708211928 0.5863037462510432 5.5203710484111745 2.1851184598692606 3.7001763055303645 -3.121901546090477
30 664 1 -53.58542798295754 -14.618728565855639 0.8360910628922025 6.058646213505087 2.2217454391799336 2.733898197351253 -0.013077362998021647
30 674 2 -0.5500325310474128 -18.46631917065789 1.4949128065486113 8.925079949346157 3.009271184476064 4.342786875701148 0.007925132831573256
30 685 2 -6.345722804660585 13.66792450478668 1.340867271524953 5.319790757972203 3.2873368071926565 4.130194394184893 -2.5470700201688605
30 689 1 63.02951848213957 -11.862128297571887 0.07990777855061054 3.951621471379753 2.0181894738661397 2.067491748753871 0.021511154796676868
31 649 2 -10.526787169304937 -6.6679533832344955 1.602600931034923 10.382614019758163 3.101644466331238 5.073472686415032 3.140375357350624
31 652 2 -11.026684091811488 11.233349442239215 1.234885086226897 12.231173665570468 3.421087440507618 4.333026002399772 -2.612468923922219
31 657 2 6.576100015639625 -6.66642156190821 0.6830336703780536 8.264215912925167 2.909799310962123 4.106434898572709 3.1368440872572934
31 658 2 7.372526025027919 -3.2336076633179545 0.5863037462524074 5.086061947842088 2.175329627692986 3.700176305533093 -3.121901546090477
31 674 2 -6.303143611798682 -18.399850964220608 1.4949128065486113 8.925079949346157 3.009271184476064 4.342786875701148 0.007925132831573256
31 685 2 -3.4001144180873064 16.351352102096424 1.340867271524953 5.319790757972203 3.2873368071926565 4.130194394184893 -2.427343244310007
31 689 1 62.562637411920385 -11.804844086693556 0.07990777855061054 3.951621471379753 2.0181894738661397 2.067491748753871 0.0024112794764414858
31 692 4 -29.496552078733643 5.825830671318069 0.7516161714789291 1.919229974651074 0.9191138870149491 1.1389891696773642 -2.8126900273636446
31 690 2 -46.135907400329515 3.09355214786137 0.8797573314544027 10.023591534365632 3.244041658819975 3.569381350358292 -3.0984498192633376
32 649 2 -10.526787169304937 -6.6679533832344955 1.602600931034923 10.382614019758163 3.101644466331238 5.073472686415032 3.140375357350624
32 652 2 -9.519021251865858 12.101442390000058 1.234885086226897 12.231173665570468 3.421087440507618 4.333026002399772 -2.5618951883103604
32 657 2 6.523785363343067 -6.584453368600794 0.6830336703780536 8.15880932808619 2.8641103476428214 4.106434898572709 3.1368440872572934
32 658 2 7.207803368568602 -3.2253943510325573 0.5863037462524074 5.304593933874795 2.1524194637872234 3.700176305533093 -3.121901546090477
32 674 2 -12.540055799694716 -18.561343687148636 1.4949128065486113 8.925079949346157 3.009271184476064 4.342786875701148 0.007925132831573256
32 685 2 -2.115041903945715 17.732449135242994 1.340867271524953 5.319790757972203 3.2873368071926565 4.130194394184893 -2.3603047192404105
32 689 1 62.985565663109135 -11.79613919003896 0.07990777854907577 4.929637857818149 1.9674994404942128 2.0674917487508013 0.0024112794764414858
32 692 4 -26.651226954499005 6.2809040244695655 0.7516161714789291 1.919229974651074 0.9191138870149491 1.1389891696773642 -2.8126900273636446
32 690 2 -42.24922215063843 3.4734631109425202 0.8797573314544027 10.023591534365632 3.244041658819975 3.569381350358292 -3.0984498192633376
33 649 2 -10.526787169304937 -6.6679533832344955 1.602600931034923 10.382614019758163 3.101644466331238 5.073472686415032 3.140375357350624
33 652 2 -5.41896021847854 15.554899466012285 1.234885086226897 12.231173665570468 3.421087440507618 4.333026002399772 -2.4793072804980496
33 657 2 6.447402809960122 -6.556254022498023 0.6830336703780536 8.005778131733738 2.690688966134497 4.106434898572709 3.1368440872572934
33 658 2 7.228599021520608 -3.26991387340058 0.5863037462526917 5.016319279776306 2.164579553034999 3.7001763055336614 -3.121901546090477
33 674 2 -18.66520772189153 -18.684596233073172 1.4949128065486113 8.925079949346157 3.009271184476064 4.342786875701148 0.007925132831573256
33 685 2 1.3811396384407586 21.850153445976684 1.340867271524953 5.319790757972203 3.2873368071926565 4.130194394184893 -2.212203101852913
33 689 1 62.985565663109135 -11.79613919003896 0.07990777854907577 4.929637857818149 1.9674994404942128 2.0674917487508013 0.0024112794764414858
33 692 4 -22.380860269716933 7.5053612307545405 0.7516161714789291 1.919229974651074 0.9191138870149491 1.1389891696773642 -2.8126900273636446
33 690 2 -38.32019097118093 3.8552021317872454 0.8797573314544027 10.023591534365632 3.244041658819975 3.569381350358292 -3.0984498192633376
34 649 2 -10.526787169304937 -6.6679533832344955 1.602600931034923 10.382614019758163 3.101644466331238 5.073472686415032 3.140375357350624
34 652 2 -2.566436746934907 18.27410519391713 1.234885086226897 12.231173665570468 3.421087440507618 4.333026002399772 -2.385905095450536
34 657 2 6.370462553245308 -6.5935378050315165 0.6830336703780536 7.852253440915892 2.765986399574623 4.106434898572709 3.1368440872572934
34 658 2 7.239829867688816 -3.127145203484471 0.5863037462501337 5.088164992230348 2.012483466477482 3.7001763055285455 -3.121901546090477
34 674 2 -25.051528299428014 -18.8472730621257 1.4949128065486113 8.925079949346157 3.009271184476064 4.342786875701148 0.007925132831573256
34 685 2 3.848279765240707 25.52664775822796 1.340867271524953 5.319790757972203 3.2873368071926565 4.130194394184893 -2.1899836312440275
34 689 1 62.985565663109135 -11.79613919003896 0.07990777854907577 4.929637857818149 1.9674994404942128 2.0674917487508013 0.0024112794764414858
34 692 4 -18.690071894907902 8.722717487691025 0.7516161714789291 2.032886650987617 0.8390356345347101 1.1389891696773642 -2.8126900273636446
34 690 2 -34.176045150766754 4.319783473000002 0.8797573314544027 10.023591534365632 3.244041658819975 3.569381350358292 -3.0207100121016337
35 649 2 -10.526787169304937 -6.6679533832344955 1.602600931034923 10.382614019758163 3.101644466331238 5.073472686415032 3.140375357350624
35 652 2 -0.15832115542368064 21.128032647266767 1.234885086226897 12.231173665570468 3.421087440507618 4.333026002399772 -2.3236941631318033
35 657 2 6.43499130570239 -6.5825429858887246 0.6830336703780536 7.981205071917946 2.7433841733897966 4.106434898572709 3.1368440872572934
35 658 2 7.335131883656001 -3.173159115121696 0.5863037462522938 5.158455287978353 2.108246410850362 3.7001763055328656 -3.121901546090477
35 685 2 5.721227745700367 29.176401221314382 1.340867271524953 5.396587300312791 3.287336807192652 4.130194394184893 -2.0561651361169155
35 689 1 62.985565663109135 -11.79613919003896 0.07990777854907577 4.929637857818149 1.9674994404942128 2.0674917487508013 0.0024112794764414858
35 692 4 -15.141023959062919 10.229169541562376 0.7516161714789291 2.032886650987617 0.8390356345347101 1.1389891696773642 -2.5906947047613205
35 690 2 -30.277081552932323 4.299836297431518 0.8797573314544027 10.023591534365632 3.244041658819975 3.569381350358292 -2.9521415914298723
36 649 2 -10.526787169304937 -6.6679533832344955 1.602600931034923 10.382614019758163 3.101644466331238 5.073472686415032 3.140375357350624
36 652 2 1.9916329617181332 24.21510081977121 1.234885086226897 12.231173665570468 3.421087440507618 4.333026002399772 -2.22133592091653
36 657 2 6.385772979818013 -6.562912800925779 0.6830336703780536 8.039581417104316 2.704591677315598 4.106434898572709 3.1368440872572934
36 658 2 7.0986991248921285 -3.142123770048772 0.5863037462521801 5.362748674569418 2.0368771099248 3.700176305532638 -3.121901546090477
36 685 2 6.712487716724622 32.76800239060801 1.340867271524953 5.396587300312791 3.287336807192652 4.130194394184893 -1.8317531720687827
36 689 1 62.985565663109135 -11.79613919003896 0.07990777854907577 4.929637857818149 1.9674994404942128 2.0674917487508013 0.0024112794764414858
36 692 4 -12.240347624133626 11.771467756598177 0.7516161714789291 2.388995946779459 0.7294607997609539 1.1389891696773642 -2.6470637899015306
36 690 2 -26.366076122430805 5.198431280695186 0.8797573314544027 10.023591534365632 3.244041658819975 3.569381350358292 -2.897749222641373
37 649 2 -10.526787169304937 -6.6679533832344955 1.602600931034923 10.382614019758163 3.101644466331238 5.073472686415032 3.140375357350624
37 652 2 4.134547567947635 27.810739268685513 1.234885086226897 12.231173665570468 3.421087440507618 4.333026002399772 -2.0804811927150895
37 657 2 6.327373879118259 -6.612383253450122 0.6830336703780536 7.923254358221718 2.8040860887854806 4.106434898572709 3.1368440872572934
37 658 2 7.259899896893559 -3.267521248719958 0.5863037462520095 5.091553997889848 2.1281824476080473 3.700176305532297 -3.121901546090477
37 685 2 8.013201069972645 36.25075987784512 1.340867271524953 5.396587300312791 3.287336807192652 4.130194394184893 -1.8317531720687827
37 689 1 62.985565663109135 -11.79613919003896 0.07990777854907577 4.929637857818149 1.9674994404942128 2.0674917487508013 0.0024112794764414858
37 692 4 -9.019168814499972 13.64992855778205 0.7516161714789291 2.388995946779459 0.7294607997609539 1.1389891696773642 -2.5771093154949085
37 690 2 -22.024927162454272 6.316106608867811 0.8797573314544027 10.023591534365632 3.244041658819975 3.569381350358292 -2.8130918897888617
37 674 2 -46.92826941008089 -18.52511246543697 1.4191019537693792 10.43875970810775 3.467202735858111 4.602405163652142 -0.0025610111320233386
38 649 2 -10.526787169304937 -6.6679533832344955 1.602600931034923 10.382614019758163 3.101644466331238 5.073472686415032 3.140375357350624
38 652 2 6.427220302149169 32.40668958313299 1.234885086226897 13.347500044185994 3.7126355780284794 4.333026002399772 -1.9458601776614577
38 657 2 6.255237794347888 -6.630300208976379 0.6830336703780536 7.936152291239276 2.84060467922378 4.106434898572709 -3.1253726036328358
38 658 2 7.218829155576387 -3.2511380094803894 0.5863037462522369 5.283560411631887 2.2043309910208997 3.700176305532752 -3.121901546090477
38 685 2 9.223470136125266 41.871720577084744 1.340867271524953 5.396587300312791 3.287336807192652 4.130194394184893 -1.7093387165311715
38 689 1 62.985565663109135 -11.79613919003896 0.07990777854907577 4.929637857818149 1.9674994404942128 2.0674917487508013 0.0024112794764414858
38 692 4 -5.687301511952408 16.06286017645123 0.7516161714789291 2.388995946779459 0.7294607997609539 1.1389891696773642 -2.4467588135931515
38 690 2 -18.24175455413486 7.802259190171697 0.8797573314544027 10.023591534365632 3.244041658819975 3.569381350358292 -2.7573799551652742
38 674 2 -54.16764821147431 -18.55018262409739 1.4191019537693792 10.43875970810775 3.467202735858111 4.602405163652142 -0.0025610111320233386
39 649 2 -10.526787169304937 -6.6679533832344955 1.602600931034923 10.382614019758163 3.101644466331238 5.073472686415032 3.140375357350624
39 652 2 7.67051903737148 36.06297773346168 1.234885086226897 12.097981265660312 3.736582595357851 4.333026002399772 -1.892238361358736
39 657 2 6.268257356195071 -6.603708240849023 0.6830336703780536 7.961938574857607 2.8657968530002664 4.106434898572709 -3.102268340852087
39 658 2 7.2193382714342125 -3.2093741078766036 0.5863037462510432 5.225634717696513 2.1208394296278774 3.7001763055303645 -3.121901546090477
39 685 2 10.141385169805055 45.34060286796496 1.340867271524953 6.176560031346799 3.760201355401909 4.130194394184893 -1.7227562283902647
39 689 1 62.985565663109135 -11.79613919003896 0.07990777854907577 4.929637857818149 1.9674994404942128 2.0674917487508013 0.0024112794764414858
39 692 4 -2.7618795642923706 18.675299483049756 0.7516161714789291 2.388995946779459 0.7294607997609539 1.1389891696773642 -2.4467588135931515
39 690 2 -14.381511664685396 9.472827088558546 0.8797573314544027 10.023591534365632 3.244041658819975 3.569381350358292 -2.647554942392248
39 674 2 -60.92798665766554 -18.838141586482497 1.4191019537693792 10.43875970810775 3.467202735858111 4.602405163652142 -0.0025610111320233386
40 649 2 -10.526787169304937 -6.6679533832344955 1.602600931034923 10.382614019758163 3.101644466331238 5.073472686415032 3.140375357350624
40 652 2 9.115148777316875 42.55443797040742 1.234885086226897 16.717785788077933 3.9712046031074397 4.333026002399772 -1.8171718752160109
40 657 2 6.360718268970349 -6.665173371410116 0.6830336703780536 7.9887022649898825 2.878828939853082 4.106434898572709 -3.126742290739785
40 658 2 7.30885102975279 -3.146850694124922 0.5863037462517822 5.209970789045116 2.1651308598978884 3.7001763055318424 -3.121901546090477
40 689 1 62.985565663109135 -11.79613919003896 0.07990777854907577 4.929637857818149 1.9674994404942128 2.0674917487508013 0.0024112794764414858
40 692 4 -0.08336175539434387 21.771805829658266 0.7516161714789291 2.388995946779459 0.7294607997609539 1.1389891696773642 -2.3137432913831204
40 690 2 -11.311691205071487 11.417516404673231 0.8797573314544027 10.023591534365632 3.244041658819975 3.569381350358292 -2.5888182658537993
40 674 2 -68.16669534276244 -18.601551487961814 1.4191019537693792 10.43875970810775 3.467202735858111 4.602405163652142 -0.0025610111320233386
41 649 2 -10.526787169304937 -6.6679533832344955 1.602600931034923 10.382614019758163 3.101644466331238 5.073472686415032 3.140375357350624
41 652 2 10.373452398671875 48.49718638896546 1.234885086226897 16.717785788077933 3.9712046031074397 4.333026002399772 -1.711101947245892
41 657 2 6.474267976201315 -6.644927118550199 0.6830336703780536 8.060349995429933 2.867778017674408 4.106434898572709 -3.1252250330081015
41 658 2 7.0979940948610025 -3.2810465999855842 0.5863037462510432 5.581624483403075 2.148852108931317 3.7001763055303645 -3.121901546090477
41 689 1 62.985565663109135 -11.79613919003896 0.07990777854907577 4.929637857818149 1.9674994404942128 2.0674917487508013 0.0024112794764414858
41 690 2 -7.972289593300555 13.509025520998929 0.8797573314544027 10.023591534365632 3.244041658819975 3.569381350358292 -2.492812846182395
41 674 2 -75.18791224378887 -18.58357003400579 1.4191019537693792 10.43875970810775 3.467202735858111 4.602405163652142 -0.0025610111320233386
42 649 2 -10.526787169304937 -6.6679533832344955 1.602600931034923 10.382614019758163 3.101644466331238 5.073472686415032 3.140375357350624
42 652 2 11.231790815650118 53.354498420613496 1.234885086226897 16.717785788077933 3.9712046031074397 4.333026002399772 -1.6934789664526564
42 657 2 6.824553681350607 -6.62300387075292 0.6830336703780536 8.76070529998195 2.8206053191134486 4.106434898572709 3.1368440872572934
42 658 2 7.002388568788126 -3.2209219090085717 0.5863037462525211 5.549378732383104 2.135387146789922 3.7001763055333203 -3.121901546090477
42 689 1 62.985565663109135 -11.79613919003896 0.07990777854907577 4.929637857818149 1.9674994404942128 2.0674917487508013 0.0024112794764414858
42 690 2 -4.467823315393936 16.505770472091978 0.8797573314544027 10.023591534365632 3.244041658819975 3.569381350358292 -2.3807492714018763
42 674 2 -75.18791224378887 -18.58357003400579 1.4191019537693792 10.43875970810775 3.467202735858111 4.602405163652142 -0.0025610111320233386
43 649 2 -10.526787169304937 -6.6679533832344955 1.602600931034923 10.382614019758163 3.101644466331238 5.073472686415032 3.140375357350624
43 657 2 8.18782889026851 -6.774193240443342 0.6830336703780536 8.468283061173379 2.7960368586705138 4.106434898572709 3.1368440872572934
43 658 2 7.059740405212799 -3.2610048346174394 0.5863037462510432 5.325749726878518 2.217795953162289 3.7001763055303645 -3.121901546090477
43 689 1 62.985565663109135 -11.79613919003896 0.07990777854907577 4.929637857818149 1.9674994404942128 2.0674917487508013 0.0024112794764414858
43 690 2 -1.8703297756401553 19.310628340510647 0.8797573314544027 10.023591534365632 3.244041658819975 3.569381350358292 -2.2889081401622513
43 674 2 -89.79649480072143 -18.240884907406713 1.4191019537693792 10.43875970810775 3.467202735858111 4.602405163652142 -0.0025610111320233386
44 649 2 -10.526787169304937 -6.6679533832344955 1.602600931034923 10.382614019758163 3.101644466331238 5.073472686415032 3.140375357350624
44 657 2 10.029523667803012 -6.7720529677730354 0.6830336703780536 8.107064277347183 3.009763083056642 4.106434898572709 3.0943316061423785
44 658 2 7.124061222436204 -3.214872077301132 0.5863037462521232 5.361105371459199 2.1280812580128017 3.7001763055325245 -3.121901546090477
44 689 1 62.985565663109135 -11.79613919003896 0.07990777854907577 4.929637857818149 1.9674994404942128 2.0674917487508013 0.0024112794764414858
44 690 2 0.42301975360235233 22.476098222241227 0.8797573314544027 10.023591534365632 3.244041658819975 3.569381350358292 -2.2099643046808257
44 674 2 -97.5160308178112 -18.439166690977622 1.4191019537693792 10.43875970810775 3.467202735858111 4.602405163652142 -0.0025610111320233386
45 649 2 -10.049992145924636 -6.755243108107557 1.602600931034923 10.382614019758163 3.101644466331238 5.073472686415032 3.140375357350624
45 657 2 11.97450421722203 -7.006791059844956 0.6830336703779399 8.121627458626257 2.9867125149556575 4.1064348985724815 3.0822357097450825
45 658 2 7.14951868144948 -3.1418726678221565 0.5863037462524643 5.252062620370153 2.1489022821056274 3.7001763055332066 -3.121901546090477
45 689 1 62.985565663109135 -11.79613919003896 0.07990777854907577 4.929637857818149 1.9674994404942128 2.0674917487508013 0.0024112794764414858
45 690 2 2.8150145695642355 25.833953615829806 0.8797573314544027 10.023591534365632 3.244041658819975 3.569381350358292 -2.158134096177525
46 649 2 -9.443133329578032 -6.84269115922485 1.602600931034923 10.382614019758163 3.101644466331238 5.073472686415032 3.140375357350624
46 657 2 14.216505343204823 -7.314621231566634 0.6830336703773715 8.208315948666081 2.805235978801914 4.106434898571345 3.0230702936926406
46 658 2 7.130401482665425 -3.1811423810533035 0.5863037462510432 5.34709904498321 2.1161476317462045 3.7001763055303645 -3.121901546090477
46 689 1 62.985565663109135 -11.79613919003896 0.07990777854907577 4.929637857818149 1.9674994404942128 2.0674917487508013 0.0024112794764414858
46 690 2 4.819619361974123 29.39876312363757 0.8797573314544027 10.023591534365632 3.244041658819975 3.569381350358292 -2.0691117163164114
47 649 2 -8.315913790536712 -6.8440633200082 1.602600931034923 10.382614019758163 3.101644466331238 5.073472686415032 3.140375357350624
47 657 2 16.678754959286547 -7.832660076592939 0.6830336703773715 8.208315948666081 2.805235978801914 4.106434898571345 2.9764529721772712
47 658 2 7.130401482665425 -3.1811423810533035 0.5863037462510432 5.34709904498321 2.1161476317462045 3.7001763055303645 -3.121901546090477
47 689 1 62.985565663109135 -11.79613919003896 0.07990777854907577 4.929637857818149 1.9674994404942128 2.0674917487508013 0.0024112794764414858
47 690 2 6.135011520660741 33.36939258412913 0.8797573314544027 10.023591534365632 3.244041658819975 3.569381350358292 -1.9272672610676609
48 649 2 -7.058577683114337 -6.802239209380352 1.602600931034923 10.382614019758163 3.101644466331238 5.073472686415032 3.140375357350624
48 657 2 19.18478611425422 -8.41570086381711 0.6830336703773715 8.208315948666081 2.805235978801914 4.106434898571345 2.8852334477446338
48 658 2 7.130401482665425 -3.1811423810533035 0.5863037462510432 5.34709904498321 2.1161476317462045 3.7001763055303645 -3.121901546090477
48 689 1 62.985565663109135 -11.79613919003896 0.07990777854907577 4.929637857818149 1.9674994404942128 2.0674917487508013 0.0024112794764414858
48 690 2 7.920448762205675 37.57014637986051 0.8797573314544027 10.023591534365632 3.244041658819975 3.569381350358292 -1.9272672610676609
48 753 1 46.991239452888465 -12.237521609859519 0.33809643254801613 4.981644056165968 2.326121777299495 2.1404845757536073 -0.17064720543034806
49 649 2 -5.71463793121058 -6.847229844892866 1.602600931034923 10.382614019758163 3.101644466331238 5.073472686415032 3.140375357350624
49 657 2 21.78638579927161 -9.172314761433993 0.6830336703773715 8.208315948666081 2.805235978801914 4.106434898571345 2.858932376057525
49 658 2 7.130401482665425 -3.1811423810533035 0.5863037462510432 5.34709904498321 2.1161476317462045 3.7001763055303645 -3.121901546090477
49 689 1 62.985565663109135 -11.79613919003896 0.07990777854907577 4.929637857818149 1.9674994404942128 2.0674917487508013 0.0024112794764414858
49 690 2 9.136344328321584 41.638043126317235 0.8797573314544027 10.023591534365632 3.244041658819975 3.569381350358292 -1.83560584050583
49 753 1 42.89000061708267 -11.165882220145178 0.33809643254801613 4.981644056165968 2.326121777299495 2.1404845757536073 -0.32619203029710664
50 649 2 -4.280301782791258 -6.807281363887517 1.602600931034923 10.382614019758163 3.101644466331238 5.073472686415032 -3.1297430675730276
50 657 2 24.31850524526936 -10.065476743724425 0.6830336703773715 8.208315948666081 2.805235978801914 4.106434898571345 2.775231097741287
50 658 2 7.130401482665425 -3.1811423810533035 0.5863037462510432 5.34709904498321 2.1161476317462045 3.7001763055303645 -3.128392854324855
50 689 1 62.985565663109135 -11.79613919003896 0.07990777854907577 4.929637857818149 1.9674994404942128 2.0674917487508013 0.0024112794764414858
50 690 2 10.27628897620746 46.09897292009095 0.8797573314544027 10.023591534365632 3.244041658819975 3.569381350358292 -1.774890278978718
50 753 1 38.745662334922216 -8.8991139713679 0.33809643254801613 4.981644056165968 2.326121777299495 2.1404845757536073 -0.367270003038233
51 649 2 -2.8882275256041856 -6.834277411577069 1.602600931034923 10.382614019758163 3.101644466331238 5.073472686415032 -3.1297430675730276
51 657 2 27.159014283187325 -11.140145483558324 0.6830336703773715 8.208315948666081 2.805235978801914 4.106434898571345 2.7360244466991723
51 658 2 7.130401482665425 -3.1811423810533035 0.5863037462510432 5.34709904498321 2.1161476317462045 3.7001763055303645 -3.128392854324855
51 690 2 11.053836013869054 50.62146861308742 0.8797573314544027 10.023591534365632 3.244041658819975 3.569381350358292 -1.7298249784341835
51 753 1 34.84707317668136 -6.344443372685882 0.33809643254801613 4.981644056165968 2.326121777299495 2.1404845757536073 -0.367270003038233
52 649 2 -1.3227237187784993 -6.815725971264513 1.602600931034923 10.382614019758163 3.101644466331238 5.073472686415032 -3.1297430675730276
52 657 2 29.908129876017973 -12.736411642749545 0.6830336703773715 8.208315948666081 2.805235978801914 4.106434898571345 2.649602452051504
52 658 2 7.130401482665425 -3.1811423810533035 0.5863037462510432 5.34709904498321 2.1161476317462045 3.7001763055303645 -3.128392854324855
52 689 1 62.985565663109135 -11.79613919003896 0.07990777854907577 4.929637857818149 1.9674994404942128 2.0674917487508013 0.0024112794764414858
52 690 2 12.1165471078064 55.95301342089778 0.8797573314544027 10.023591534365632 3.244041658819975 3.569381350358292 -1.7298249784341835
52 753 1 31.18865079453778 -3.5915827443212778 0.33809643254801613 4.981644056165968 2.326121777299495 2.1404845757536073 -0.7842756677720252
53 649 2 0.7651300081088671 -6.834476934370701 1.602600931034923 10.382614019758163 3.101644466331238 5.073472686415032 -3.1297430675730276
53 657 2 33.086362533343426 -14.680440260947503 0.6830336703773715 8.154720073564095 3.095546968937673 4.106434898571345 2.572855056798606
53 658 2 7.130401482665425 -3.1811423810533035 0.5863037462510432 5.34709904498321 2.1161476317462045 3.7001763055303645 -3.128392854324855
53 689 1 62.985565663109135 -11.79613919003896 0.07990777854907577 4.929637857818149 1.9674994404942128 2.0674917487508013 0.0024112794764414858
53 753 1 27.840533714269906 -0.17913423017739272 0.33809643254801613 4.981644056165968 2.326121777299495 2.1404845757536073 -0.7842756677720252
54 649 2 3.635220320622618 -6.800465960464346 1.602600931034923 10.382614019758163 3.101644466331238 5.073472686415032 3.133843310424051
54 657 2 35.798594846956455 -16.64989249121222 0.6830336703773715 8.154720073564095 3.095546968937673 4.106434898571345 2.481635532365969
54 658 2 7.154018415694301 -3.2705760558040686 0.5863037462510432 5.34709904498321 2.1161476317462045 3.7001763055303645 -3.128392854324855
54 689 1 62.985565663109135 -11.79613919003896 0.07990777854907577 4.929637857818149 1.9674994404942128 2.0674917487508013 0.0024112794764414858
54 753 1 24.923546201455842 3.4845199396183686 0.33809643254801613 4.981644056165968 2.326121777299495 2.1404845757536073 -0.8797063724960263
55 649 2 6.327681202968126 -6.905496867108229 1.602600931034923 10.382614019758163 3.101644466331238 5.073472686415032 3.1026132276661142
55 657 2 38.957786080429756 -19.53891571560558 0.6830336703773715 8.154720073564095 3.095546968937673 4.106434898571345 2.3773877882983148
55 658 2 7.154018415694301 -3.2705760558040686 0.5863037462510432 5.34709904498321 2.1161476317462045 3.7001763055303645 -3.128392854324855
55 689 1 62.985565663109135 -11.79613919003896 0.07990777854907577 4.929637857818149 1.9674994404942128 2.0674917487508013 0.0024112794764414858
55 753 1 21.563042107750178 7.808864411293978 0.33809643254801613 4.205604844558467 2.1722237057992637 2.1404845757536073 -0.9621944644620128
56 649 2 8.822935803020151 -7.037557725662986 1.602600931034923 10.382614019758163 3.101644466331238 5.073472686415032 3.0898527884576836
56 657 2 42.23102883897922 -22.56884344852866 0.6830336703773715 8.154720073564095 3.095546968937673 4.106434898571345 2.3773877882983148
56 658 2 7.154018415694301 -3.2705760558040686 0.5863037462510432 5.34709904498321 2.1161476317462045 3.7001763055303645 -3.128392854324855
56 689 1 62.985565663109135 -11.79613919003896 0.07990777854907577 4.929637857818149 1.9674994404942128 2.0674917487508013 0.0024112794764414858
56 753 1 19.01596544228329 12.312527981085143 0.33809643254801613 4.205604844558467 2.1722237057992637 2.1404845757536073 -0.9621944644620128
57 649 2 11.62048819691238 -7.309289997823545 1.602600931034923 10.382614019758163 3.101644466331238 5.073472686415032 3.0514225007023557
57 657 2 45.72466791182498 -26.229915318023025 0.6830336703773715 8.154720073564095 3.095546968937673 4.106434898571345 2.2796740028929823
57 658 2 7.154018415694301 -3.2705760558040686 0.5863037462510432 5.34709904498321 2.1161476317462045 3.7001763055303645 -3.128392854324855
57 689 1 62.985565663109135 -11.79613919003896 0.07990777854907577 4.929637857818149 1.9674994404942128 2.0674917487508013 0.0024112794764414858
57 753 1 16.726608683657425 16.6626534307934 0.33809643254801613 4.205604844558467 2.1722237057992637 2.1404845757536073 -1.2054208131632573
58 649 2 14.415745718051632 -7.786372785719576 1.602600931034923 10.382614019758163 3.101644466331238 5.073472686415032 3.0321927733262486
58 658 2 7.154018415694301 -3.2705760558040686 0.5863037462510432 5.34709904498321 2.1161476317462045 3.7001763055303645 -3.128392854324855
58 689 1 62.985565663109135 -11.79613919003896 0.07990777854907577 4.929637857818149 1.9674994404942128 2.0674917487508013 0.0024112794764414858
58 753 1 15.597545839044717 19.354796711716403 0.33809643254801613 4.205604844558467 2.1722237057992637 2.1404845757536073 -1.2054208131632573
59 649 2 17.493245869121115 -8.267316152235272 1.602600931034923 10.382614019758163 3.101644466331238 5.073472686415032 2.9722845349845137
59 658 2 7.154018415694301 -3.2705760558040686 0.5863037462510432 5.34709904498321 2.1161476317462045 3.7001763055303645 -3.128392854324855
59 689 1 62.985565663109135 -11.79613919003896 0.07990777854907577 4.929637857818149 1.9674994404942128 2.0674917487508013 0.0024112794764414858
60 649 2 20.53939275714733 -9.029666937887082 1.602600931034923 10.382614019758163 3.101644466331238 5.073472686415032 2.9203999478353495
60 658 2 7.154018415694301 -3.2705760558040686 0.5863037462510432 5.34709904498321 2.1161476317462045 3.7001763055303645 -3.128392854324855
60 689 1 62.51223474059198 -11.962056524122172 0.07990777854907577 4.929637857818149 1.9674994404942128 2.0674917487508013 0.0024112794764414858
61 649 2 23.470078824496547 -9.727939659816268 1.602600931034923 10.382614019758163 3.101644466331238 5.073472686415032 2.8718439016565016
61 658 2 7.154018415694301 -3.2705760558040686 0.5863037462510432 5.34709904498321 2.1161476317462045 3.7001763055303645 -3.128392854324855
61 689 1 61.70880742247534 -11.902202816155244 0.07990777854907577 4.929637857818149 1.9674994404942128 2.0674917487508013 0.0024112794764414858
62 649 2 27.249767444609873 -11.103993664531924 1.602600931034923 10.382614019758163 3.101644466331238 5.073472686415032 2.8057371188772473
62 658 2 7.154018415694301 -3.2705760558040686 0.5863037462510432 5.34709904498321 2.1161476317462045 3.7001763055303645 -3.128392854324855
62 689 1 60.41093150855053 -11.803395200582159 0.07990777854907577 4.929637857818149 1.9674994404942128 2.0674917487508013 -0.04848392525558598
63 649 2 30.279046378961322 -12.362548373267236 1.602600931034923 10.382614019758163 3.101644466331238 5.073472686415032 2.732069925139986
63 658 2 7.154018415694301 -3.2705760558040686 0.5863037462510432 5.34709904498321 2.1161476317462045 3.7001763055303645 -3.128392854324855
63 689 1 58.424763996440376 -11.667502101408756 0.07990777854907577 4.929637857818149 1.9674994404942128 2.0674917487508013 -0.1064646614661009
64 649 2 33.77984949030583 -14.394965696494767 1.602600931034923 10.382614019758163 3.101644466331238 5.073472686415032 2.6207269974205865
64 658 2 7.154018415694301 -3.2705760558040686 0.5863037462510432 5.34709904498321 2.1161476317462045 3.7001763055303645 -3.128392854324855
64 689 1 56.45851513340818 -11.328879731520681 0.07990777854907577 4.929637857818149 1.9674994404942128 2.0674917487508013 -0.039918608846755355
65 649 2 38.2993395461011 -18.250756895449005 1.602600931034923 10.382614019758162 3.475937016435865 5.073472686415032 2.4813722372195803
65 658 2 7.154018415694301 -3.2705760558040686 0.5863037462510432 5.34709904498321 2.1161476317462045 3.7001763055303645 -3.128392854324855
65 689 1 54.11130133053418 -10.90251566639176 0.07990777854907577 4.929637857818149 1.9674994404942128 2.0674917487508013 -0.08562344846439673
66 649 2 41.12191886612728 -20.731083935377434 1.602600931034923 10.382614019758154 4.367566288551788 5.073472686415032 2.3912935370745063
66 658 2 7.154018415694301 -3.2705760558040686 0.5863037462510432 5.34709904498321 2.1161476317462045 3.7001763055303645 -3.128392854324855
66 689 1 51.190707547123814 -10.633303294810066 0.07990777854907577 4.929637857818149 1.9674994404942128 2.0674917487508013 -0.23919348726272593
67 649 2 44.423912782970866 -24.131291834603914 1.602600931034923 10.382614019758154 4.367566288551788 5.073472686415032 2.2853464592069344
67 658 2 7.154018415694301 -3.2705760558040686 0.5863037462510432 5.34709904498321 2.1161476317462045 3.7001763055303645 -3.128392854324855
67 689 1 48.128625616995606 -9.825456507894968 0.07990777854907577 4.929637857818149 1.9674994404942128 2.0674917487508013 -0.4390380373268232
68 649 2 47.40136541535379 -27.799352887714537 1.602600931034923 10.382614019758154 4.367566288551788 5.073472686415032 2.226536454280769
68 658 2 7.154018415694301 -3.2705760558040686 0.5863037462510432 5.34709904498321 2.1161476317462045 3.7001763055303645 -3.128392854324855
68 689 1 44.65868531592116 -8.733498505783608 0.07990777854907577 4.929637857818149 1.9674994404942128 2.0674917487508013 -0.4390380373268232
69 649 2 50.033342623033 -31.66030677523508 1.602600931034923 10.382614019758154 4.367566288551788 5.073472686415032 2.1446609589221035
69 658 2 7.154018415694301 -3.2705760558040686 0.5863037462510432 5.34709904498321 2.1161476317462045 3.7001763055303645 -3.128392854324855
69 689 1 41.403753288648744 -7.131661463762247 0.07990777854907577 4.929637857818149 1.9674994404942128 2.0674917487508013 -0.4390380373268232
70 649 2 52.467345167802996 -35.90499866128785 1.602600931034923 10.382614019758154 4.367566288551788 5.073472686415032 2.041364610618922
70 658 2 7.154018415694301 -3.2705760558040686 0.5863037462510432 5.34709904498321 2.1161476317462045 3.7001763055303645 -3.128392854324855
70 689 1 37.97832883588321 -5.27770485314619 0.07990777854907577 4.929637857818149 1.9674994404942128 2.0674917487508013 -0.5504730325405205
70 755 1 -62.97994397435059 1.5576930617361269 0.12670873904447794 4.022906386871721 1.8156521764572922 1.6359154001599263 3.1383147603676447
70 764 2 -14.883375823755443 -42.631017201700146 0.577431366622197 5.502121055637973 2.575236055761401 3.189513008317973 -0.9818434586753197
71 649 2 54.7335101692316 -40.124770883862325 1.3692963815260486 9.935390567118594 4.367566288551865 4.606863587397283 2.041364610618922
71 658 2 7.154018415694301 -3.2705760558040686 0.5863037462510432 5.34709904498321 2.1161476317462045 3.7001763055303645 -3.128392854324855
71 689 1 34.35795992822046 -2.718569617959896 0.07990777854907577 4.929637857818149 1.9674994404942128 2.0674917487508013 -0.6531882089467475
71 755 1 -55.59650203136433 1.7713637659875725 0.503664099781028 4.0229063868715915 1.9620097759489608 1.7926880933850622 3.1383147603676447
71 764 2 -14.883375823755443 -42.631017201700146 0.577431366622197 5.502121055637973 2.575236055761401 3.189513008317973 -0.9818434586753197
72 658 2 7.154018415694301 -3.2705760558040686 0.5863037462510432 5.34709904498321 2.1161476317462045 3.7001763055303645 -3.128392854324855
72 689 1 31.375251366538663 0.14934098543240482 0.07990777854907577 4.929637857818149 1.9674994404942128 2.0674917487508013 -0.7596685837890316
72 755 1 -49.25435181240345 2.404012358426082 0.12670873904447794 4.022906386871721 1.8156521764572922 1.6359154001599263 3.1383147603676447
72 764 2 -21.96544887611173 -35.16465121265654 -0.6046546853058289 5.010887567157337 2.275571480812988 2.957873306852414 -0.662828469127076
73 658 2 7.154018415694301 -3.2705760558040686 0.5863037462510432 5.34709904498321 2.1161476317462045 3.7001763055303645 -3.128392854324855
73 689 1 28.078077098703368 3.792072976642875 0.07990777854907577 4.929637857818149 1.9674994404942128 2.0674917487508013 -0.8225008380506567
73 755 1 -42.70287499076434 2.790169051675921 0.12670873904447794 4.022906386871721 1.8156521764572922 1.6359154001599263 -3.0698886539442665
73 764 2 -25.582113593877647 -32.70353143858121 0.7093125938098558 4.687246368149234 2.041348665824449 2.0606031246158825 -0.5646066548852327
74 658 2 7.154018415694301 -3.2705760558040686 0.5863037462510432 5.34709904498321 2.1161476317462045 3.7001763055303645 -3.128392854324855
74 689 1 25.257582246940757 7.589120338793313 0.07990777854907577 4.929637857818149 1.9674994404942128 2.0674917487508013 -0.9339684961422036
74 755 1 -36.98974538482705 3.390312414570002 0.12670873904447794 4.022906386871721 1.8156521764572922 1.6359154001599263 -3.0176278176957485
74 764 2 -29.56245239655017 -30.354701918277357 0.6183846113059045 4.711791210304371 1.9472324823113027 1.9423672920023476 -0.5098694046048431
75 658 2 7.154018415694301 -3.2705760558040686 0.5863037462510432 5.34709904498321 2.1161476317462045 3.7001763055303645 -3.128392854324855
75 689 1 22.34020526073228 12.14763201223978 0.07990777854907577 4.929637857818149 1.9674994404942128 2.0674917487508013 -1.025288870614455
75 755 1 -31.164967052860675 4.187048483881043 0.12670873904447794 4.022906386871721 1.8156521764572922 1.6359154001599263 -3.0176278176957485
75 764 2 -33.85049271247601 -28.0173544015331 0.545375105817314 5.357252959552646 2.4573587576117033 2.666064981950595 -0.4856388635301181
76 658 2 7.154018415694301 -3.2705760558040686 0.5863037462510432 5.34709904498321 2.1161476317462045 3.7001763055303645 -3.128392854324855
76 689 1 19.80526365793816 16.861146750910567 0.07990777854907577 4.929637857818149 1.9674994404942128 2.0674917487508013 -1.0894633960034508
76 755 1 -26.03650906601161 5.191840928394078 0.12670873904447794 4.022906386871721 1.8156521764572922 1.6359154001599263 -2.9408804224428504
77 658 2 7.154018415694301 -3.2705760558040686 0.5863037462510432 5.34709904498321 2.1161476317462045 3.7001763055303645 -3.128392854324855
77 689 1 17.31428321721737 22.316223091633134 0.07990777854907577 4.929637857818149 1.9674994404942128 2.0674917487508013 -1.1924494636283052
77 755 1 -21.487043539846667 6.171094230286386 0.12670873904447794 4.5304520764550125 2.0223987924494042 1.6359154001599263 -2.836246552610289
78 658 2 7.154018415694301 -3.2705760558040686 0.5863037462510432 5.34709904498321 2.1161476317462045 3.7001763055303645 -3.128392854324855
78 689 1 15.635954796341082 27.902525817641127 0.07990777854907577 4.929637857818149 1.9674994404942128 2.0674917487508013 -1.2823977600925147
78 755 1 -16.991762957076794 7.922581292690914 0.12670873904447794 5.021984745131595 2.272142552880333 1.6359154001599263 -2.802257604278081
79 658 2 7.154018415694301 -3.2705760558040686 0.5863037462510432 5.34709904498321 2.1161476317462045 3.7001763055303645 -3.128392854324855
79 755 1 -12.86042302991458 10.055738415750856 0.12670873904447794 5.021984745131595 2.272142552880333 1.6359154001599263 -2.6744861251005574
80 658 2 7.154018415694301 -3.2705760558040686 0.5863037462510432 5.34709904498321 2.1161476317462045 3.7001763055303645 -3.128392854324855
80 755 1 -9.035968431707289 12.134203760829106 0.12670873904447794 5.021984745131595 2.272142552880333 1.6359154001599263 -2.62684340211727
81 658 2 7.154018415694301 -3.2705760558040686 0.5863037462510432 5.34709904498321 2.1161476317462045 3.7001763055303645 -3.128392854324855
81 755 1 -5.564944589746314 14.801956980251623 0.12670873904447794 5.021984745131595 2.272142552880333 1.6359154001599263 -2.45973571535587
82 658 2 7.154018415694301 -3.2705760558040686 0.5863037462510432 5.34709904498321 2.1161476317462045 3.7001763055303645 -3.128392854324855
82 755 1 -2.591550154643241 17.66631087264062 0.12670873904317054 5.510854978896542 2.353089729077784 1.6359154001573115 -2.3622749023632865
83 658 2 7.154018415694301 -3.2705760558040686 0.5863037462510432 5.34709904498321 2.1161476317462045 3.7001763055303645 -3.128392854324855
83 755 1 0.3703563068206013 21.0262137186356 0.12670873904317054 5.510854978896542 2.353089729077784 1.6359154001573115 -2.2756692169708934
84 658 2 7.154018415694301 -3.2705760558040686 0.5863037462510432 5.34709904498321 2.1161476317462045 3.7001763055303645 -3.128392854324855
84 755 1 3.035748822349711 24.739803903056217 0.12670873904317054 5.510854978896542 2.353089729077784 1.6359154001573115 -2.1374931075952954
84 765 1 60.88517964941998 -14.351430603521145 0.3216126635964667 3.4908717290561713 1.8047089515490842 1.4638989169675087 0.0031630529047319556
85 658 2 7.154018415694301 -3.2705760558040686 0.5863037462510432 5.34709904498321 2.1161476317462045 3.7001763055303645 -3.128392854324855
85 755 1 5.476857644844106 29.09273828370124 0.12670873904317054 5.510854978896542 2.353089729077784 1.6359154001573115 -2.084929765425579
85 765 1 60.88517964941998 -14.351430603521145 0.3216126635964667 3.4908717290561713 1.8047089515490842 1.4638989169675087 -0.022796711656676738
86 658 2 7.154018415694301 -3.2705760558040686 0.5863037462510432 5.34709904498321 2.1161476317462045 3.7001763055303645 -3.128392854324855
86 765 1 60.88517964941998 -14.351430603521145 0.3216126635964667 3.4908717290561713 1.8047089515490842 1.4638989169675087 -0.022796711656676738
87 658 2 7.154018415694301 -3.2705760558040686 0.5863037462510432 5.34709904498321 2.1161476317462045 3.7001763055303645 -3.128392854324855
87 765 1 60.88517964941998 -14.351430603521145 0.3216126635964667 3.4908717290561713 1.8047089515490842 1.4638989169675087 -0.022796711656676738
88 658 2 7.154018415694301 -3.2705760558040686 0.5863037462510432 5.34709904498321 2.1161476317462045 3.7001763055303645 -3.128392854324855
88 765 1 60.76695863931898 -14.363478375397923 0.3216126635964667 3.4908717290561713 1.8047089515490842 1.4638989169675087 -0.022796711656676738
88 768 4 59.29322228225754 -17.348383542772602 0.4795854759685545 2.0159092310770346 0.7518550782777692 2.4265372046603737 -0.04333700909831917
88 767 4 55.204217435610545 -18.385309563458797 0.36727171465151265 2.4029914126248277 0.8062601625647323 1.9958314544045948 -0.013758803121750596
89 658 2 7.939154128701217 -3.260211820053147 0.5863037462510432 5.34709904498321 2.1161476317462045 3.7001763055303645 -3.128392854324855
89 765 1 60.76695863931898 -14.363478375397923 0.3216126635964667 3.4908717290561713 1.8047089515490842 1.4638989169675087 -0.022796711656676738
89 768 4 57.54807182909106 -17.56343585155089 0.4795854759685545 2.0159092310770346 0.7518550782777692 2.4265372046603737 -0.004002718896324531
89 767 4 52.5340865085511 -18.368723093308997 0.36727171465151265 2.4029914126248277 0.8062601625647323 1.9958314544045948 -0.013758803121750596
90 658 2 8.410531677526823 -3.2764257275456474 0.5863037462510432 5.34709904498321 2.1161476317462045 3.7001763055303645 -3.128392854324855
90 765 1 60.57337957631244 -14.447524379397631 0.3216126635964667 3.4908717290561713 1.8047089515490842 1.4638989169675087 -0.022796711656676738
90 768 4 54.598519681450874 -17.5600568908748 0.4795854759685545 2.0159092310770346 0.7518550782777692 2.4265372046603737 -0.004002718896324531
90 767 4 49.40095978175751 -18.422664627933568 0.36727171465151265 2.4029914126248277 0.8062601625647323 1.9958314544045948 0.0010494455945835313
91 658 2 8.994367592089157 -3.313591478873931 0.5863037462510432 5.34709904498321 2.1161476317462045 3.7001763055303645 -3.128392854324855
91 765 1 59.735592321570905 -14.329308211024594 0.3216126635964667 3.46162311646831 1.5180955785918058 1.4638989169675087 -0.002938347688294707
91 768 4 50.40429576972355 -17.515118140902118 0.4795854759685545 2.0159092310770346 0.7518550782777692 2.4265372046603737 -0.004002718896324531
91 767 4 45.76859518562067 -18.38634039420365 0.36727171465151265 2.4029914126248277 0.8062601625647323 1.9958314544045948 0.0010494455945835313
91 769 1 59.50931541564724 -18.01093647433098 -0.2954840956974723 3.9267133557244183 1.8042947137874772 1.4789238304251096 -0.001487678222757527
91 770 4 65.9467658403698 -21.44737869522225 1.0375941797010548 11.246639822283127 3.6610890272963177 5.331593899031633 -0.004886102438648177
92 658 2 9.846800651925236 -3.302338880058645 0.5863037462510432 5.34709904498321 2.1161476317462045 3.7001763055303645 -3.128392854324855
92 765 1 58.95474903119056 -14.182333231044957 0.3216126635964667 3.46162311646831 1.5180955785918058 1.4638989169675087 -0.002938347688294707
92 768 4 46.26688011092541 -17.414283835681665 0.4795854759685545 2.0159092310770346 0.7518550782777692 2.4265372046603737 -0.004002718896324531
92 767 4 41.96559925878496 -18.300024973646952 0.36727171465151265 2.4029914126248277 0.8062601625647323 1.9958314544045948 0.0010494455945835313
92 769 1 56.49103440143221 -18.219672415447178 -0.2954840956974723 3.9267133557244183 1.8042947137874772 1.4789238304251096 -0.001487678222757527
92 770 4 63.92517648179036 -21.390480752525313 1.0375941797010548 11.246639822283127 3.6610890272963177 5.331593899031633 -0.004886102438648177
93 658 2 10.631344122889242 -3.2471097464216125 0.5863037462510432 5.34709904498321 2.1161476317462045 3.7001763055303645 -3.128392854324855
93 765 1 57.89820727714533 -14.309441260959062 0.3216126635964667 3.46162311646831 1.5180955785918058 1.4638989169675087 -0.002938347688294707
93 768 4 41.81745582835525 -17.3627646239385 0.4795854759685545 2.0159092310770346 0.7518550782777692 2.4265372046603737 -0.004002718896324531
93 769 1 52.914598145151345 -18.755618270342694 -0.2954840956974723 3.9267133557244183 1.8042947137874772 1.4789238304251096 -0.001487678222757527
93 770 4 61.61986463812365 -21.661337701432146 1.0375941797010548 11.246639822283127 3.6610890272963177 5.331593899031633 -0.004886102438648177
94 658 2 11.439208405860663 -3.258881838592291 0.5863037462510432 5.34709904498321 2.1161476317462045 3.7001763055303645 -3.128392854324855
94 765 1 57.89820727714533 -14.309441260959062 0.3216126635964667 3.46162311646831 1.5180955785918058 1.4638989169675087 -0.002938347688294707
94 768 4 37.90128041795894 -16.582871120912333 0.4795854759685545 2.0159092310770346 0.7518550782777692 2.4265372046603737 -0.004002718896324531
94 767 4 33.25681439013852 -17.67851806606886 0.36727171465151265 2.4029914126248277 0.8062601625647323 1.9958314544045948 0.0010494455945835313
94 769 1 49.831685257472024 -18.308177520376432 -0.2954840956974723 3.9267133557244183 1.8042947137874772 1.4789238304251096 -0.001487678222757527
94 770 4 59.54918855524249 -22.02738145661474 1.0375941797010548 11.246639822283127 3.6610890272963177 5.331593899031633 -0.004886102438648177
95 658 2 12.583855543999354 -3.2886445643842013 0.5863037462510432 5.34709904498321 2.1161476317462045 3.7001763055303645 -3.128392854324855
95 765 1 54.7303250046049 -14.097580076598675 0.3216126635964667 3.46162311646831 1.5180955785918058 1.4638989169675087 -0.002938347688294707
95 768 4 32.38810678885453 -17.007451834951382 0.4795854759685545 2.0159092310770346 0.7518550782777692 2.4265372046603737 -0.004002718896324531
95 767 4 27.095534751346694 -17.323758158842573 0.36727171465151265 2.4029914126248277 0.8062601625647323 1.9958314544045948 0.0010494455945835313
95 769 1 43.927241879196835 -18.11897145368017 -0.2954840956974723 3.9267133557244183 1.8042947137874772 1.4789238304251096 -0.001487678222757527
95 770 4 53.105281446423554 -22.466097329757382 1.0375941797010548 11.246639822283127 3.6610890272963177 5.331593899031633 -0.004886102438648177
96 658 2 13.884049219632162 -3.204172198310652 0.5863037462510432 5.34709904498321 2.1161476317462045 3.7001763055303645 -3.128392854324855
96 765 1 53.038171950563864 -13.890055110255489 0.3216126635964667 3.46162311646831 1.5180955785918058 1.4638989169675087 -0.002938347688294707
96 768 4 24.363153777138614 -17.281325488984265 0.36381251933943 3.183115713139933 1.1372105709535965 2.6580831179186224 -0.004002718896324531
96 767 4 18.921741728629968 -17.620971134077948 0.2564222242683158 3.1037494376469037 1.3623644445037157 2.2175304351703065 0.0010494455945835313
96 769 1 38.66184118834702 -18.357168428302327 -0.2954840956974723 3.9267133557244183 1.8042947137874772 1.4789238304251096 -0.001487678222757527
96 770 4 48.63893128966755 -22.35023376890594 1.0375941797010548 11.246639822283127 3.6610890272963177 5.331593899031633 -0.004886102438648177
97 658 2 15.319133709944753 -3.1403555550514315 0.5863037462510432 5.34709904498321 2.1161476317462045 3.7001763055303645 -3.128392854324855
97 765 1 48.594050668952995 -14.716144088115104 0.3216126635964667 3.46162311646831 1.5180955785918058 1.4638989169675087 -0.002938347688294707
97 768 4 17.776537293232263 -17.228515661583913 0.36381251933943 3.5814740217729795 1.2167123572420073 2.6580831179186224 -0.004002718896324531
97 767 4 12.790976798191073 -17.679251350136862 0.2564222242683158 3.1037494376469037 1.3623644445037157 2.2175304351703065 0.0010494455945835313
97 769 1 35.840579107456215 -18.434981362495147 -0.2954840956974723 3.9267133557244183 1.8042947137874772 1.4789238304251096 -0.001487678222757527
97 770 4 47.60680963227208 -21.874988962679623 1.0375941797010548 11.246639822283127 3.6610890272963177 5.331593899031633 -0.004886102438648177
97 774 2 -63.18901167764334 -2.7226574614455337 0.523991662415368 4.849572240257075 2.0620716809519193 2.5770526492385226 -3.140871092154632
98 658 2 16.66419228346367 -3.0552909469349716 0.5863037462510432 5.34709904498321 2.1161476317462045 3.7001763055303645 -3.128392854324855
98 765 1 39.13138447121911 -14.905360281195863 0.3216126635964667 3.46162311646831 1.5180955785918058 1.4638989169675087 -0.002938347688294707
98 768 4 10.346284167475883 -17.2500434992986 0.36381251933943 3.5814740217729795 1.2167123572420073 2.6580831179186224 -0.004002718896324531
98 767 4 4.745634325104721 -17.744806452704477 0.2564222242683158 2.8384422971081524 1.1703711855489471 2.2175304351703065 0.0010494455945835313
98 769 1 26.640289948634152 -17.601193608097045 -0.2954840956974723 3.9267133557244183 1.8042947137874772 1.4789238304251096 -0.001487678222757527
98 770 4 41.92186981476675 -20.953828286823015 1.0375941797010548 11.246639822283127 3.6610890272963177 5.331593899031633 -0.004886102438648177
98 774 2 -61.93398570146823 -2.1345251063894235 0.523991662415368 4.849572240257075 2.0620716809519193 2.5770526492385226 -3.140871092154632
99 658 2 18.122301464762227 -3.036043080540402 0.5863037462510432 5.34709904498321 2.1161476317462045 3.7001763055303645 -3.128392854324855
99 765 1 25.575058303769357 -14.822122791611344 0.3216126635964667 3.46162311646831 1.5180955785918058 1.4638989169675087 -0.002938347688294707
99 768 4 2.03762178810163 -17.32157641035533 0.36381251933943 3.5814740217729795 1.2167123572420073 2.6580831179186224 -0.004002718896324531
99 767 4 -2.5439608490735153 -17.91840264020268 0.2564222242683158 2.8384422971081524 1.1703711855489471 2.2175304351703065 0.0010494455945835313
99 769 1 18.503360252501803 -18.032757725232084 -0.2954840956974723 4.61381920930282 1.9666848790680609 1.4789238304251096 -0.001487678222757527
99 770 4 37.538467554040366 -21.21657474932858 1.0375941797010548 14.049331640540451 4.03315924289209 5.331593899031633 -0.004886102438648177
99 774 2 -60.819935661051936 -1.508243651662292 0.523991662415368 4.849572240257075 2.0620716809519193 2.5770526492385226 -3.103632800832273
99 775 1 34.13706759053674 -17.397210129010382 0.23802899988937393 4.258017333844196 1.8169672851193266 2.555593602424537 0.002876917741181817
