0 808 4 -68.72561973450078 -29.667782841062376 1.7641456544495249 10.63428596033124 2.8470134700466065 3.654859798965053 -0.008928334179836739
0 809 2 -35.224224714050585 -6.812203911694819 1.9903524977298956 7.788970289770786 2.803354980941918 4.381808664309907 -0.005999456010712834
0 810 2 2.387068270859155 -7.4777545832166386 1.0364527971645818 3.725015628075821 3.2347089240376397 2.9938645449029004 -0.00422970519449084
0 811 1 -52.86926977078209 -3.114796290574184 0.1970184994110049 4.32778691819216 1.9774082788353327 2.0954323001631323 3.128351446428337
1 808 4 -75.8062127188491 -29.695922509068367 1.7641456544495249 10.63428596033124 2.8470134700466065 3.654859798965053 -0.008928334179836739
1 809 2 -43.152355513934815 -6.89843825189689 1.9903524977298956 7.788970289770786 2.803354980941918 4.381808664309907 -0.005999456010712834
1 810 2 -4.280807345145736 -7.364059516699071 1.0364527971645818 3.725015628075821 3.2347089240376397 2.9938645449029004 -0.00422970519449084
1 811 1 -51.4883327094526 -3.09576682020908 0.1970184994110049 4.32778691819216 1.9774082788353327 2.0954323001631323 3.128351446428337
1 812 4 -43.769584345091616 3.71903743236122 0.29289966923557387 2.2058769728230585 0.8349126639425379 1.417910447761194 3.136027642545608
2 809 2 -49.47374745326501 -6.7936131925766485 1.9903524977298956 7.788970289770786 2.803354980941918 4.381808664309907 -0.005999456010712834
2 810 2 -11.103505519983 -7.4719881430111625 1.0364527971645818 3.725015628075821 3.2347089240376397 2.9938645449029004 -0.00422970519449084
2 811 1 -50.38239700603398 -2.999320870140586 0.1970184994110049 4.32778691819216 1.9774082788353327 2.0954323001631323 -3.1036580951509194
2 812 4 -40.4477524371363 3.8047505799465795 0.29289966923557387 2.3266516447667986 0.8349126639425418 1.417910447761194 3.136027642545608
2 813 4 -44.64239816320328 0.9500784327483495 0.5431979148327613 1.9950378491834528 0.6882862153984403 1.1114598316516966 -3.137693108784614
3 809 2 -57.06598710317448 -6.6477138011276224 1.9903524977298956 7.788970289770786 2.803354980941918 4.381808664309907 -0.005999456010712834
3 810 2 -17.805938824865205 -7.443638656984312 1.0364527971645818 3.725015628075821 3.2347089240376397 2.9938645449029004 -0.00422970519449084
3 811 1 -49.35119341306194 -2.82811275313957 0.1970184994110049 4.32778691819216 1.9774082788353327 2.0954323001631323 -3.1036580951509194
3 812 4 -36.87017788657407 3.773602133914098 0.29289966923710864 2.3441342607917917 0.8773704457174608 1.4179104477642634 3.136027642545608
3 813 4 -43.85495373724264 0.9873921637104507 0.5431979148327613 1.9950378491834528 0.6882862153984403 1.1114598316516966 -3.137693108784614
4 809 2 -63.58847224515207 -6.608581968939828 1.9903524977298956 7.788970289770786 2.803354980941918 4.381808664309907 -0.005999456010712834
4 810 2 -24.712897778432 -7.260538932242486 1.0364527971645818 3.725015628075821 3.2347089240376397 2.9938645449029004 -0.00422970519449084
4 811 1 -48.41061544329779 -2.7546806213641917 0.1970184994110049 4.32778691819216 1.9774082788353327 2.0954323001631323 -3.1036580951509194
4 812 4 -33.6585029266997 3.8765227559343756 0.29289966923710864 2.3441342607917917 0.8773704457174608 1.4179104477642634 3.136027642545608
4 813 4 -42.04060092537673 1.1228787518181733 0.5431979148327613 1.9950378491834528 0.6882862153984403 1.1114598316516966 -3.137693108784614
4 814 2 45.657664036450115 -18.230546894260566 0.5133367190868227 5.168765302933236 2.2934858296140135 1.8303337023979789 -0.011022091527597366
5 809 2 -70.6130883655606 -6.633337279321957 1.9903524977298956 7.788970289770786 2.803354980941918 4.381808664309907 -0.005999456010712834
5 810 2 -32.541487753133964 -6.680278905822712 1.0364527971645818 3.725015628075821 3.2347089240376397 2.9938645449029004 -0.00422970519449084
5 811 1 -47.49075127641395 -2.8209598605612913 0.1970184994110049 4.351206779419046 1.81288007134839 2.0954323001631323 -3.1036580951509194
5 812 4 -30.03452067279105 3.9066858019524067 0.29289966923710864 2.3441342607917917 0.8773704457174608 1.4179104477642634 3.136027642545608
5 813 4 -39.54046299980465 1.021338319221981 0.5431979148327613 1.9950378491834528 0.6882862153984403 1.1114598316516966 -3.137693108784614
5 814 2 30.140927097283193 -18.504669899978012 0.5133367190868227 5.168765302933236 2.2934858296140135 1.8303337023979789 -0.011022091527597366
6 810 2 -39.14263455525905 -6.960128135112281 1.0364527971645818 3.725015628075821 3.2347089240376397 2.9938645449029004 -0.00422970519449084
6 811 1 -46.61070073775099 -3.0512779413581836 0.1970184994110049 4.351206779419046 1.81288007134839 2.0954323001631323 3.1411307262029284
6 812 4 -26.964887805622382 3.8090738760313028 0.29289966923710864 2.3441342607917917 0.8773704457174608 1.4179104477642634 3.136027642545608
6 813 4 -37.71351024772444 0.12102206416520445 0.5431979148327613 1.9950378491834528 0.6882862153984403 1.1114598316516966 -3.137693108784614
6 814 2 14.431068193269555 -18.536633642586825 0.5133367190868227 5.168765302933236 2.2934858296140135 1.8303337023979789 -0.011022091527597366
6 815 2 63.38295524280182 -19.938256829658364 2.0068122240585464 7.519276118723338 2.646542602079011 3.047527854093483 0.042609114478380894
7 810 2 -46.4097372376343 -7.031980350081355 1.0364527971645818 3.725015628075821 3.2347089240376397 2.9938645449029004 -0.00422970519449084
7 811 1 -45.71556097262553 -3.1449396632563182 0.1970184994110049 4.351206779419046 1.81288007134839 2.0954323001631323 3.1411307262029284
7 812 4 -23.66234020610866 3.961819541066899 0.29289966923710864 2.3441342607917917 0.8773704457174608 1.4179104477642634 3.136027642545608
7 813 4 -35.60896396797481 0.4802200441876478 0.5431979148327613 1.9950378491834528 0.6882862153984403 1.1114598316516966 -3.137693108784614
7 814 2 -1.7921910569354593 -18.291038628736693 0.5133367190868227 5.168765302933236 2.2934858296140135 1.8303337023979789 -0.011022091527597366
7 815 2 47.8807960551674 -19.945078321196664 2.0068122240585464 7.519276118723338 2.646542602079011 3.047527854093483 0.042609114478380894
8 810 2 -52.92264565457201 -6.662465502443906 1.0364527971645818 3.725015628075821 3.2347089240376397 2.9938645449029004 -0.00422970519449084
8 811 1 -44.783130537321675 -3.2572682571967384 0.1970184994110049 4.351206779419046 1.81288007134839 2.0954323001631323 3.1411307262029284
8 812 4 -20.86403686489246 3.9462467913084174 0.29289966923710864 2.3441342607917917 0.8773704457174608 1.4179104477642634 3.136027642545608
8 813 4 -33.98174323710671 0.30678953347191157 0.5431979148327613 1.9950378491834528 0.6882862153984403 1.1114598316516966 -3.137693108784614
8 814 2 -16.88313668809879 -18.302760839305606 0.5133367190868227 5.168765302933236 2.2934858296140135 1.8303337023979789 -0.011022091527597366
8 815 2 33.65049601082303 -19.925991253640987 2.0068122240585464 7.519276118723338 2.646542602079011 3.047527854093483 0.01598203419468125
9 810 2 -59.949941798211235 -6.632741934186149 1.0364527971645818 3.725015628075821 3.2347089240376397 2.9938645449029004 -0.00422970519449084
9 811 1 -43.53365617986077 -3.3697433024180583 0.1970184994110049 4.351206779419046 1.81288007134839 2.0954323001631323 3.1411307262029284
9 812 4 -17.370518403025116 4.047598934935754 1.0075853302223883 2.3441342607917917 0.8773704457174608 1.4179104477642634 3.136027642545608
9 813 4 -31.762770791241877 -0.1382777278345206 0.6459262554912252 1.9950378491834528 0.6882862153984403 1.1114598316516966 -3.137693108784614
9 814 2 -33.28296518903944 -17.921672536210174 0.5133367190868227 5.168765302933236 2.2934858296140135 1.8303337023979789 -0.011022091527597366
9 815 2 18.097244398601283 -19.9477616916532 2.0068122240585464 7.519276118723338 2.646542602079011 3.047527854093483 0.01598203419468125
10 810 2 -66.03576071210837 -6.3505253102096395 1.0364527971645818 3.725015628075821 3.2347089240376397 2.9938645449029004 -0.00422970519449084
10 811 1 -42.61981508356812 -3.351515784218472 0.1970184994110049 4.351206779419046 1.81288007134839 2.0954323001631323 3.1411307262029284
10 812 4 -15.02422554241623 4.2056662230902555 1.0075853302223883 2.3441342607917917 0.8773704457174608 1.4179104477642634 3.136027642545608
10 813 4 -29.921167101199597 -0.40504059994385366 0.6459262554912252 1.9950378491834528 0.6882862153984403 1.1114598316516966 -3.137693108784614
10 814 2 -48.24446794662222 -17.756758805107513 0.5133367190868227 5.168765302933236 2.2934858296140135 1.8303337023979789 -0.011022091527597366
10 815 2 5.559839740992587 -20.115748651031886 2.0068122240585464 7.519276118723338 2.646542602079011 3.047527854093483 0.01598203419468125
11 811 1 -41.63140126169988 -3.389271652583287 0.1970184994110049 4.351206779419046 1.81288007134839 2.0954323001631323 3.1411307262029284
11 812 4 -12.25628777052716 4.160064006517466 1.0075853302223883 2.3441342607917917 0.8773704457174608 1.4179104477642634 3.136027642545608
11 813 4 -27.62638414662512 -0.5330641079419832 0.6459262554912252 1.9950378491834528 0.6882862153984403 1.1114598316516966 -3.137693108784614
11 814 2 -64.20175765149295 -17.202485672010717 0.5133367190868227 5.168765302933236 2.2934858296140135 1.8303337023979789 -0.011022091527597366
11 815 2 -11.995174196861711 -20.590757369033767 2.0068122240585464 7.519276118723338 2.646542602079011 3.047527854093483 0.01598203419468125
11 816 2 66.89959863200585 -24.11912023748198 2.3525102453321693 11.265550330194408 2.9468369933127727 3.447741200280832 0.002449151726689136
12 811 1 -40.680950649095166 -3.4689179754010953 0.1970184994110049 4.351206779419046 1.81288007134839 2.0954323001631323 3.1411307262029284
12 812 4 -10.101408223278534 4.190824104345673 1.0075853302223883 2.3441342607917917 0.8773704457174608 1.4179104477642634 3.136027642545608
12 813 4 -25.552672544799158 -0.8594764193439466 0.6459262554912252 1.9950378491834528 0.6882862153984403 1.1114598316516966 -3.137693108784614
12 815 2 -26.3877979619104 -20.573130256310247 2.0068122240585464 7.519276118723338 2.646542602079011 3.047527854093483 -0.017903295709436273
12 816 2 48.804995587810055 -24.491700075025378 2.3525102453321693 11.265550330194408 2.9468369933127727 3.447741200280832 0.002449151726689136
13 811 1 -39.60381231535207 -3.64367155909355 0.1970184994110049 4.351206779419046 1.81288007134839 2.0954323001631323 3.1411307262029284
13 812 4 -8.119491088321187 4.254610862422352 1.0075853302223883 2.314208219120603 0.8474444040462511 1.4179104477642634 3.136027642545608
13 813 4 -23.311799112654047 -1.1634217278058696 0.6459262554912252 1.9950378491834528 0.6882862153984403 1.1114598316516966 -3.137693108784614
13 815 2 -45.750506081213466 -20.584491776683304 2.0068122240585464 7.519276118723338 2.646542602079011 3.047527854093483 -0.017903295709436273
13 816 2 35.43025492281169 -25.30408229624731 2.3525102453321693 11.265550330194408 2.9468369933127727 3.447741200280832 0.002449151726689136
13 868 4 -53.089178350034196 -1.936074028358022 0.6792945545421988 1.9022168743686976 0.6525054260681817 1.607693955732738 3.1328972205780143
14 811 1 -38.46334797048122 -3.904839838503675 0.41873912175089395 4.3512067794191385 1.8589193000399349 1.8735281683245666 3.1411307262029284
14 812 4 -6.439335691735143 4.329669611682093 1.0075853302223883 2.314208219120603 0.8474444040462511 1.4179104477642634 3.136027642545608
14 813 4 -21.28174549263781 -1.4827325714640034 0.6459262554912252 1.9950378491834528 0.6882862153984403 1.1114598316516966 -3.137693108784614
14 815 2 -61.37087925972742 -20.433641772888723 2.0068122240585464 7.519276118723338 2.646542602079011 3.047527854093483 -0.017903295709436273
14 816 2 21.889574664213793 -25.3782784580721 2.3525102453321693 11.265550330194408 2.9468369933127727 3.447741200280832 0.002449151726689136
14 868 4 -50.27768129292119 -2.0646927725944977 0.6792945545421988 1.9022168743686976 0.6525054260681817 1.607693955732738 3.1328972205780143
15 811 1 -37.67113971527262 -3.6200581667903924 0.41873912175089395 4.3512067794191385 1.8589193000399349 1.8735281683245666 3.1411307262029284
15 812 4 -5.09666463730519 4.431929163157557 1.0075853302223883 2.314208219120603 0.8474444040462511 1.4179104477642634 3.136027642545608
15 813 4 -18.9461710682249 -1.829938876469312 0.6459262554912252 1.9950378491834528 0.6882862153984403 1.1114598316516966 -3.137693108784614
15 815 2 -75.41906062211521 -20.51261832354426 2.0068122240585464 7.519276118723338 2.646542602079011 3.047527854093483 -0.017903295709436273
15 816 2 9.825668506142005 -25.284726108504273 2.3525102453321693 11.265550330194408 2.9468369933127727 3.447741200280832 0.002449151726689136
15 868 4 -47.491122987624934 -1.8666923677346698 0.6792945545421988 1.9022168743686976 0.6525054260681817 1.607693955732738 3.1328972205780143
16 811 1 -36.59395952977765 -3.715604950663553 0.41873912175089395 4.3512067794191385 1.8589193000399349 1.8735281683245666 3.1411307262029284
16 812 4 -4.010618609554031 4.610655790618041 1.0075853302223883 2.314208219120603 0.8474444040462511 1.4179104477642634 -3.1286256668080155
16 813 4 -16.846572729588875 -2.1687105918635705 0.6459262554912252 1.9950378491834528 0.6882862153984403 1.1114598316516966 -3.137693108784614
16 816 2 -2.3609336770528038 -25.355605921041732 2.3525102453321693 11.265550330194408 2.9468369933127727 3.447741200280832 0.002449151726689136
16 868 4 -44.28570841302854 -1.7150643575474334 0.6792945545421988 1.9022168743686976 0.6525054260681817 1.607693955732738 3.1328972205780143
17 811 1 -35.120719122502926 -3.7638100832082615 0.41873912175089395 4.3512067794191385 1.8589193000399349 1.8735281683245666 3.1411307262029284
17 812 4 -2.7104962958262244 4.8644997844147815 1.0075853302223883 2.314208219120603 0.8474444040462511 1.4179104477642634 -3.1286256668080155
17 813 4 -14.555109984432894 -2.392469760540337 0.6459262554912252 1.9950378491834528 0.6882862153984403 1.1114598316516966 -3.137693108784614
17 816 2 -15.287757359485045 -25.143777980326213 2.3525102453321693 11.265550330194408 2.9468369933127727 3.447741200280832 -0.019646699157155334
17 868 4 -41.298372021072 -1.5882571449199132 0.6792945545421988 1.9022168743686976 0.6525054260681817 1.607693955732738 3.1328972205780143
18 811 1 -33.9010017484028 -3.938630379591746 0.41873912175089395 4.3512067794191385 1.8589193000399349 1.8735281683245666 3.1411307262029284
18 812 4 -1.8437073159484165 5.248144081353158 1.0075853302223883 2.314208219120603 0.8474444040462511 1.4179104477642634 -3.1286256668080155
18 813 4 -12.583626183975305 -2.610204992910488 0.6459262554912252 1.9950378491834528 0.6882862153984403 1.1114598316516966 -3.137693108784614
18 816 2 -27.3565597258312 -24.741765692100877 2.3525102453321693 11.265550330194408 2.9468369933127727 3.447741200280832 -0.019646699157155334
18 868 4 -37.37423224973286 -1.5459880740440732 0.6792945545421988 1.9022168743686976 0.6525054260681817 1.607693955732738 3.1328972205780143
18 867 2 71.48928468529714 -30.313609795838868 2.363391359296333 11.04157055483223 2.6444383866004473 3.5186843574442825 0.24186697844218874
19 811 1 -32.33277069769926 -4.113611663998598 0.41873912175089395 4.3512067794191385 1.8589193000399349 1.8735281683245666 3.1411307262029284
19 812 4 -1.145067065058556 5.544970595164584 1.0075853302223883 2.314208219120603 0.8474444040462511 1.4179104477642634 -3.1286256668080155
19 813 4 -10.393001791755525 -3.0815956925961 0.6459262554912252 1.9950378491834528 0.6882862153984403 1.1114598316516966 -3.137693108784614
19 816 2 -39.604740507220654 -25.078142165314134 2.3525102453321693 11.265550330194408 2.9468369933127727 3.447741200280832 -0.019646699157155334
19 868 4 -33.45099824419818 -1.6078820706836894 0.6792945545421988 1.9022168743686976 0.6525054260681817 1.607693955732738 3.1328972205780143
19 867 2 60.78120390640621 -31.10177616737545 2.363391359296333 11.04157055483223 2.6444383866004473 3.5186843574442825 0.433762043711031
20 811 1 -30.891220669571354 -4.17764369202315 0.41873912175089395 4.3512067794191385 1.8589193000399349 1.8735281683245666 3.1411307262029284
20 812 4 -0.6480955522089051 5.729153464401609 1.0075853302223883 2.314208219120603 0.8474444040462511 1.4179104477642634 -3.1286256668080155
20 813 4 -8.403840248828129 -3.320186030364958 0.6459262554912252 1.9950378491834528 0.6882862153984403 1.1114598316516966 -3.0592827700459724
20 816 2 -52.37073013098752 -24.497561039766186 2.3525102453321693 11.265550330194408 2.9468369933127727 3.447741200280832 -0.019646699157155334
20 868 4 -29.618944662981416 -1.7731541378082125 0.6792945545421988 1.9022168743686976 0.6525054260681817 1.607693955732738 3.1328972205780143
20 867 2 56.01972705463813 -30.784404581228127 2.363391359296333 11.04157055483223 2.6444383866004473 3.5186843574442825 0.388848448241242
21 811 1 -29.101178917752353 -4.289361300335178 0.41873912175089395 4.3512067794191385 1.8589193000399349 1.8735281683245666 3.1411307262029284
21 812 4 -0.37916732257351177 5.8765242222267835 1.0075853302223883 2.314208219120603 0.8474444040462511 1.4179104477642634 -3.1286256668080155
21 813 4 -6.130514707544044 -3.5359510789462774 0.6459262554912252 1.9950378491834528 0.6882862153984403 1.1114598316516966 -3.126106785908539
21 816 2 -65.43484521552725 -24.40573091838775 2.3525102453321693 11.265550330194408 2.9468369933127727 3.447741200280832 -0.019646699157155334
21 868 4 -25.446806214375083 -1.9622176533971758 0.6792945545421988 1.9022168743686976 0.6525054260681817 1.607693955732738 3.1328972205780143
21 867 2 49.80393917281064 -31.66215315376919 2.363391359296333 11.04157055483223 2.6444383866004473 3.5186843574442825 0.47849516456272845
22 811 1 -27.43784745905867 -4.353495775283691 0.41873912175089395 4.3512067794191385 1.8589193000399349 1.8735281683245666 3.1411307262029284
22 812 4 -0.08463270498130948 6.007299580643807 1.0075853302223883 2.314208219120603 0.8474444040462511 1.4179104477642634 -3.1286256668080155
22 813 4 -4.230402106967691 -3.659839497638551 0.6459262554912252 1.9950378491834528 0.6882862153984403 1.1114598316516966 3.1192587254396305
22 816 2 -77.0964900080189 -24.25902343147612 2.3525102453321693 11.265550330194408 2.9468369933127727 3.447741200280832 -0.019646699157155334
22 868 4 -21.48456389486075 -2.330018954403945 0.6792945545421988 1.9022168743686976 0.6525054260681817 1.607693955732738 3.0999421229637165
22 867 2 41.179090638882705 -33.33910894475207 2.363391359296333 11.04157055483223 2.6444383866004473 3.5186843574442825 0.5889520050159325
23 811 1 -25.885414033285315 -4.43342055752493 0.41873912175089395 4.3512067794191385 1.8589193000399349 1.8735281683245666 3.1411307262029284
23 812 4 -0.0866079663970567 6.15962106744083 1.0075853302223883 2.314208219120603 0.8474444040462511 1.4179104477642634 -3.1286256668080155
23 813 4 -1.7671305332844047 -3.788042266619486 0.6459262554912252 1.9950378491834528 0.6882862153984403 1.1114598316516966 3.1192587254396305
23 868 4 -17.607839464621257 -2.6671564855889938 0.6792945545421988 1.9022168743686976 0.6525054260681817 1.607693955732738 3.0999421229637165
23 867 2 33.22498930398061 -35.483670220564264 2.363391359296333 11.04157055483223 2.6444383866004473 3.5186843574442825 0.6859440043704739
24 811 1 -24.174777511450312 -4.972822908026695 0.41873912175089395 4.3512067794191385 1.8589193000399349 1.8735281683245666 3.1411307262029284
24 812 4 -0.41157738874011335 6.417782520602463 1.0075853302223883 2.314208219120603 0.8474444040462511 1.4179104477642634 -3.1286256668080155
24 813 4 0.41170184162196966 -3.8733017896926834 0.6459262554912252 1.9950378491834528 0.6882862153984403 1.1114598316516966 3.1316804467615853
24 868 4 -13.799316409360962 -3.1443717896455645 0.6792945545421988 1.9022168743686976 0.6525054260681817 1.607693955732738 -3.1115431006835754
24 867 2 26.23815475826867 -37.938643414685714 2.363391359296333 11.04157055483223 2.6444383866004473 3.5186843574442825 0.8382068803965517
25 811 1 -22.28943777543064 -4.545972376503505 0.41873912175089395 4.3512067794191385 1.8589193000399349 1.8735281683245666 3.1411307262029284
25 812 4 -1.8893526695466853 7.09270591428163 1.0075853302223883 2.314208219120603 0.8474444040462511 1.4179104477642634 -3.0953046709297682
25 813 4 2.815741719433763 -3.9335658083197096 0.6459262554912252 1.9950378491834528 0.6882862153984403 1.1114598316516966 3.1316804467615853
25 868 4 -9.987132397185842 -3.365565393420414 0.6792945545421988 1.9022168743686976 0.6525054260681817 1.607693955732738 -3.1115431006835754
25 867 2 18.69458325172592 -39.76886803283211 2.363391359296333 11.04157055483223 2.6444383866004473 3.5186843574442825 0.9287514672403772
26 811 1 -20.689435851568632 -4.530869927128815 0.41873912175089395 4.3512067794191385 1.8589193000399349 1.8735281683245666 3.1411307262029284
26 812 4 -3.3849379423362866 8.083057706664448 1.0075853302223883 2.314208219120603 0.8474444040462511 1.4179104477642634 -2.94781215114177
26 813 4 5.2855728398272515 -3.9726216461021764 0.6459262554912252 1.9950378491834528 0.6882862153984403 1.1114598316516966 3.1316804467615853
26 868 4 -6.4663920260182435 -3.665474077216512 0.6792945545421988 1.9022168743686976 0.6525054260681817 1.607693955732738 -3.1115431006835754
26 867 2 10.444569595593338 -42.2787547200616 2.363391359296333 11.04157055483223 2.6444383866004473 3.5186843574442825 1.0037550137574547
27 811 1 -18.78843752572992 -4.500064982110527 0.41873912175089395 4.3512067794191385 1.8589193000399349 1.8735281683245666 3.1411307262029284
27 812 4 -5.631348565855017 9.3607026157589 1.0075853302223883 2.314208219120603 0.8474444040462511 1.4179104477642634 -2.7001307918928963
27 813 4 7.573180146394424 -4.01715796413093 0.6459262554912252 1.9950378491834528 0.6882862153984403 1.1114598316516966 3.1316804467615853
27 868 4 -3.0794953769460056 -3.658138084777898 0.6792945545421988 1.9022168743686976 0.6525054260681817 1.607693955732738 3.0868142292192777
27 867 2 5.340943224131496 -44.46454475837703 2.363391359296333 11.04157055483223 2.6444383866004473 3.5186843574442825 1.141432684118615
28 811 1 -17.140837833229558 -4.326569178101135 0.41873912175089395 4.3512067794191385 1.8589193000399349 1.8735281683245666 3.1411307262029284
28 812 4 -8.270385888695394 11.072473734628073 1.0075853302223883 2.314208219120603 0.8474444040462511 1.4179104477642634 -2.6446322866471794
28 813 4 10.01422812898398 -4.019494590475396 0.6459262554912252 1.9950378491834528 0.6882862153984403 1.1114598316516966 3.1316804467615853
28 868 4 -0.1563980704923691 -3.8678012853081314 0.6792945545421988 1.9022168743686976 0.6525054260681817 1.607693955732738 3.0868142292192777
28 867 2 -2.926560066747209 -47.313233567358054 2.363391359296333 11.04157055483223 2.6444383866004473 3.5186843574442825 1.2363843904613718
29 811 1 -15.192322232764168 -4.311627716749824 0.41873912175089395 4.3512067794191385 1.8589193000399349 1.8735281683245666 3.1411307262029284
29 812 4 -11.472512368901285 13.269616781727299 1.0075853302223883 2.314208219120603 0.8474444040462511 1.4179104477642634 -2.2714801924016172
29 813 4 12.295777168625408 -3.940095603635055 0.6459262554912252 1.9950378491834528 0.6882862153984403 1.1114598316516966 -3.100412999610479
29 868 4 2.928167829763254 -4.220350268239152 0.6792945545421988 1.9022168743686976 0.6525054260681817 1.607693955732738 3.0868142292192777
29 867 2 -9.626001768627404 -50.90479548956453 2.363391359296333 11.04157055483223 2.6444383866004473 3.5186843574442825 1.3025527141945288
30 811 1 -13.532478711513908 -4.275094968798839 0.41873912175089395 4.3512067794191385 1.8589193000399349 1.8735281683245666 3.1411307262029284
30 812 4 -15.657468705731665 15.629814841020085 1.0075853302223883 2.314208219120603 0.8474444040462511 1.4179104477642634 -2.2281469025605256
30 813 4 15.517521812966773 -3.9017786030245136 0.6459262554912252 1.9950378491834528 0.6882862153984403 1.1114598316516966 3.131267355676812
30 868 4 5.946313844341439 -4.313824280861391 0.6792945545421988 1.9022168743686976 0.6525054260681817 1.607693955732738 3.1196566253802054
30 867 2 -15.518748601912273 -54.578506414082455 2.363391359296333 11.04157055483223 2.6444383866004473 3.5186843574442825 1.3721065187185073
31 811 1 -11.816668759776416 -4.201288598090786 0.41873912175089395 4.3512067794191385 1.8589193000399349 1.8735281683245666 3.1411307262029284
31 812 4 -19.749334754779458 18.255212298906496 1.0075853302223883 2.314208219120603 0.8474444040462511 1.4179104477642634 -2.104031831233729
31 813 4 17.655414443065364 -3.752259489058513 0.6459262554912252 1.9950378491834528 0.6882862153984403 1.1114598316516966 3.131267355676812
31 868 4 8.662196204519237 -4.430899409431913 0.6792945545421988 1.9022168743686976 0.6525054260681817 1.607693955732738 3.1196566253802054
31 867 2 -23.472534101440626 -57.86369300061003 2.363391359296333 11.04157055483223 2.6444383866004473 3.5186843574442825 1.4191582872766233
32 811 1 -10.343322574661387 -4.164669701906535 0.41873912175089395 4.3512067794191385 1.8589193000399349 1.8735281683245666 3.1411307262029284
32 812 4 -24.721053431136195 21.955193090105794 1.0075853302223883 2.314208219120603 0.8474444040462511 1.4179104477642634 -2.104031831233729
32 813 4 20.144240602996955 -3.6835814216585416 0.6459262554912252 1.9950378491834528 0.6882862153984403 1.1114598316516966 3.131267355676812
32 868 4 10.85288961401214 -4.528239287446857 0.6792945545421988 1.9022168743686976 0.6525054260681817 1.607693955732738 3.1196566253802054
32 867 2 -30.061244158739186 -61.97449515271953 2.363391359296333 11.04157055483223 2.6444383866004473 3.5186843574442825 1.4191582872766233
33 811 1 -8.646214045477382 -4.202753118056299 0.41873912175089395 4.3512067794191385 1.8589193000399349 1.8735281683245666 3.1411307262029284
33 813 4 22.907854081869537 -3.592001574506009 0.6459262554912252 1.9950378491834528 0.6882862153984403 1.1114598316516966 3.131267355676812
33 868 4 13.94069347856769 -4.538494407596053 0.6792945545421988 1.9022168743686976 0.6525054260681817 1.607693955732738 3.1196566253802054
33 867 2 -30.061244158739186 -61.97449515271953 2.363391359296333 11.04157055483223 2.6444383866004473 3.5186843574442825 1.4191582872766233
34 811 1 -7.207329243099189 -4.450684439848028 0.1970184994110049 4.937416830925718 2.564491187173538 2.0954323001631323 -3.136338860044363
34 812 4 24.748533219521953 -3.5516701354600118 0.9126512745157456 3.2795576868766863 1.4557302336180937 1.8962210330404465 3.1355632654536594
34 868 4 16.47702933220278 -4.607977198159547 0.8601020990331962 3.415145798015691 1.1227060492091416 1.9317765273813647 -3.139918548010904
35 811 1 -5.3078169656000505 -3.9991481016829904 0.41873912175089395 4.3512067794191385 1.8589193000399349 1.8735281683245666 3.1411307262029284
35 813 4 27.99579064570507 -3.575900191590679 0.6459262554912252 1.9950378491834528 0.6882862153984403 1.1114598316516966 3.131267355676812
35 868 4 19.68835825834575 -4.598892829528069 0.6792945545421988 1.9022168743686976 0.6525054260681817 1.607693955732738 3.1196566253802054
36 811 1 -3.8344793953083394 -3.9811789391122576 0.41873912175089395 4.3512067794191385 1.8589193000399349 1.8735281683245666 3.1411307262029284
36 813 4 30.587650977513903 -3.4997063066800753 0.6459262554912252 1.9950378491834528 0.6882862153984403 1.1114598316516966 3.131267355676812
36 868 4 22.302387712998673 -4.491986598408125 0.6792945545421988 1.9022168743686976 0.6525054260681817 1.607693955732738 3.1196566253802054
36 881 4 34.10284584960296 8.803828268036556 1.1176848126799972 1.3151456834694912 1.4892272963679307 2.2733701921429703 -1.5995324150417012
37 811 1 -2.1746272592347418 -3.9259964575477517 0.41873912175089395 4.3512067794191385 1.8589193000399349 1.8735281683245666 3.1411307262029284
37 813 4 33.21409225142895 -3.398130351472146 0.6459262554912252 1.9950378491834528 0.6882862153984403 1.1114598316516966 3.131267355676812
37 868 4 25.31649165425313 -4.492411932895071 0.6792945545421988 1.9022168743686976 0.6525054260681817 1.607693955732738 3.1196566253802054
37 881 4 27.75752985618042 8.729062618637986 1.1176848126799972 1.3151456834694912 1.4892272963679307 2.2733701921429703 -1.5995324150417012
38 811 1 -0.6453663325724447 -3.9640023402875797 0.41873912175089395 4.3512067794191385 1.8589193000399349 1.8735281683245666 3.1411307262029284
38 813 4 35.660467324523054 -3.28611537918297 0.6459262554912252 1.9950378491834528 0.6882862153984403 1.1114598316516966 3.131267355676812
38 868 4 27.857901781775098 -4.326422567671022 0.6792945545421988 1.9022168743686976 0.6525054260681817 1.607693955732738 3.1196566253802054
38 881 4 21.72284471703734 8.517063800782152 1.1176848126799972 1.3151456834694912 1.4892272963679307 2.2733701921429703 -1.5995324150417012
39 811 1 1.107734471568775 -3.908862932839707 0.41873912175089395 4.3512067794191385 1.8589193000399349 1.8735281683245666 3.1411307262029284
39 813 4 38.173523991284796 -3.363542643133926 0.6459262554912252 1.9950378491834528 0.6882862153984403 1.1114598316516966 3.131267355676812
39 868 4 30.938037053008777 -4.311870914237593 0.6792945545421988 1.9022168743686976 0.6525054260681817 1.607693955732738 3.1196566253802054
39 881 4 15.616906740761447 8.212007806046543 1.1176848126799972 1.3151456834694912 1.4892272963679307 2.2733701921429703 -1.4837493702104085
40 811 1 2.694890226180717 -3.9483957743432967 0.41873912175089395 4.3512067794191385 1.8589193000399349 1.8735281683245666 3.1147767875753702
40 813 4 40.522431910298565 -3.55081124203137 0.6459262554912252 1.9950378491834528 0.6882862153984403 1.1114598316516966 3.131267355676812
40 868 4 33.447692211073026 -4.095907803124884 0.6792945545421988 1.9022168743686976 0.6525054260681817 1.607693955732738 3.1196566253802054
40 881 4 9.315770056923 8.390880222939073 1.1176848126799972 1.3151456834694912 1.4892272963679307 2.2733701921429703 -1.4837493702104085
41 811 1 4.371693368901715 -4.012231206901769 0.41873912175089395 4.3512067794191385 1.8589193000399349 1.8735281683245666 -3.1362005714090104
41 813 4 43.80784624801625 -3.61047447092965 0.6459262554912252 1.9950378491834528 0.6882862153984403 1.1114598316516966 3.131267355676812
41 868 4 35.98982273604179 -3.8970828722729216 0.6792945545421988 1.9022168743686976 0.6525054260681817 1.607693955732738 3.1196566253802054
41 881 4 3.2925177992787957 8.610847921510677 1.1176848126799972 1.3151456834694912 1.4892272963679307 2.2733701921429703 -1.4837493702104085
42 811 1 5.829494645997172 -4.023059557830184 0.41873912175089395 4.3512067794191385 1.8589193000399349 1.8735281683245666 -3.1362005714090104
42 813 4 45.59285654856809 -3.5688478921963926 0.6459262554912252 1.9950378491834528 0.6882862153984403 1.1114598316516966 3.131267355676812
42 868 4 38.833085172773934 -4.19763520158411 0.6792945545421988 1.9022168743686976 0.6525054260681817 1.607693955732738 3.1196566253802054
42 881 4 -3.1835297746544042 8.44567201088588 1.1176848126799972 1.3151456834694912 1.4892272963679307 2.2733701921429703 -1.4837493702104085
43 811 1 7.287598235288857 -4.089953312849496 0.41873912175089395 4.3512067794191385 1.8589193000399349 1.8735281683245666 -3.1362005714090104
43 813 4 48.450039582093574 -3.555451637454778 0.6459262554912252 1.9950378491834528 0.6882862153984403 1.1114598316516966 3.131267355676812
43 868 4 41.2095970747096 -4.060879414754029 0.6792945545421988 1.9022168743686976 0.6525054260681817 1.607693955732738 3.1196566253802054
43 881 4 -10.145001045428897 8.410131690503867 1.1176848126799972 1.3151456834694912 1.4892272963679307 2.2733701921429703 -1.4837493702104085
44 811 1 8.68973719122172 -4.175837848095332 0.41873912175089395 4.3512067794191385 1.8589193000399349 1.8735281683245666 -3.1362005714090104
44 813 4 50.956023340370514 -3.4869507336651364 0.6459262554912252 1.9950378491834528 0.6882862153984403 1.1114598316516966 3.131267355676812
44 868 4 43.698985076310045 -4.172417064442134 0.6792945545421988 1.9022168743686976 0.6525054260681817 1.607693955732738 -3.132129503400859
44 881 4 -16.9284778271955 8.476441688147366 1.1176848126799972 1.3151456834694912 1.4892272963679307 2.2733701921429703 -1.4837493702104085
45 811 1 8.68973719122172 -4.175837848095332 0.41873912175089395 4.3512067794191385 1.8589193000399349 1.8735281683245666 -3.1362005714090104
45 813 4 53.213664831665824 -3.372986961662215 0.6459262554912252 1.9950378491834528 0.6882862153984403 1.1114598316516966 3.131267355676812
45 868 4 46.16365740485424 -4.500744977993287 0.6792945545421988 1.9022168743686976 0.6525054260681817 1.607693955732738 -3.132129503400859
45 881 4 -23.796170245888558 8.124960924816872 1.1176848126799972 1.3151456834694912 1.4892272963679307 2.2733701921429703 -1.4837493702104085
45 972 4 53.272186196629015 -21.982316863499086 0.7651280022928698 1.7944754117278265 0.7216733985763467 1.599028458935294 -0.0033482017740360526
46 811 1 11.511595093064898 -4.141932999521645 0.41873912175089395 4.3512067794191385 1.8589193000399349 1.8735281683245666 -3.1362005714090104
46 813 4 55.5596442111558 -3.434068508565355 0.6459262554912252 1.9950378491834528 0.6882862153984403 1.1114598316516966 3.131267355676812
46 868 4 48.397897119577905 -4.67587238181857 0.6792945545421988 1.9022168743686976 0.6525054260681817 1.607693955732738 -3.132129503400859
46 881 4 -31.490685822258936 8.380688794023529 1.1176848126799972 1.3151456834694912 1.4892272963679307 2.2733701921429703 -1.4837493702104085
46 972 4 36.60292181275456 -20.685700856199123 -0.4591890704123063 1.7944754117278265 0.7216733985763467 1.599028458935294 -0.0033482017740360526
47 811 1 12.87575248854468 -4.1158882680498445 0.41873912175089395 4.3512067794191385 1.8589193000399349 1.8735281683245666 -3.1362005714090104
47 813 4 57.56610881770402 -3.5491634418746196 0.6459262554912252 1.9950378491834528 0.6882862153984403 1.1114598316516966 3.131267355676812
47 868 4 50.328573501263264 -4.7475590887939525 0.6792945545421988 1.9022168743686976 0.6525054260681817 1.607693955732738 -3.132129503400859
47 881 4 -37.78421442683648 8.561539482661328 1.1176848126799972 1.3151456834694912 1.4892272963679307 2.2733701921429703 -1.4837493702104085
47 972 4 21.46853921797321 -20.967438505112877 -0.4591890704123063 1.7944754117278265 0.7216733985763467 1.599028458935294 -0.0033482017740360526
48 811 1 14.314260673217372 -4.014686581528534 0.41873912175089395 4.3512067794191385 1.8589193000399349 1.8735281683245666 -3.1362005714090104
48 813 4 59.80754414435825 -3.502278026754598 0.6459262554912252 1.9950378491834528 0.6882862153984403 1.1114598316516966 3.131267355676812
48 868 4 52.8960674496948 -4.706905867582705 0.6792945545421988 1.9022168743686976 0.6525054260681817 1.607693955732738 -3.132129503400859
48 881 4 -44.16519343084408 7.931965250882386 1.1176848126799972 1.3151456834694912 1.4892272963679307 2.2733701921429703 -1.4837493702104085
48 972 4 8.429400479939686 -21.126357896353557 -0.4591890704123063 1.7944754117278265 0.7216733985763467 1.599028458935294 -0.0033482017740360526
49 811 1 15.976627391325357 -3.837521774101127 0.41873912175089395 4.3512067794191385 1.8589193000399349 1.8735281683245666 -3.1362005714090104
49 813 4 62.15778079044954 -3.5608646380619797 0.6459262554912252 1.9950378491834528 0.6882862153984403 1.1114598316516966 3.131267355676812
49 868 4 55.0139687805136 -4.686863250920058 0.6792945545421988 1.9022168743686976 0.6525054260681817 1.607693955732738 -3.132129503400859
49 881 4 -50.8705555000335 7.499863929906332 1.1176848126799972 1.3151456834694912 1.4892272963679307 2.2733701921429703 -1.5072226809147857
49 972 4 -8.313391682621297 -21.448528800252877 -0.4591890704123063 1.7944754117278265 0.7216733985763467 1.599028458935294 -0.0033482017740360526
50 811 1 17.378161722865748 -3.8112755011651687 0.41873912175089395 4.3512067794191385 1.8589193000399349 1.8735281683245666 -3.1362005714090104
50 813 4 64.2826328558619 -3.5011038024059946 0.6459262554912252 1.9950378491834528 0.6882862153984403 1.1114598316516966 3.131267355676812
50 868 4 57.101173210598596 -4.879738028342112 0.6792945545421988 1.9022168743686976 0.6525054260681817 1.607693955732738 -3.132129503400859
50 972 4 -26.643908195156545 -21.30667634518657 0.5341247810277515 1.7944754117278265 0.7216733985763467 1.599028458935294 -0.0033482017740360526
51 811 1 18.8542483850632 -3.747249209240311 0.41873912175089395 4.3512067794191385 1.8589193000399349 1.8735281683245666 -3.1362005714090104
51 813 4 66.47756529879344 -3.6438839329470163 0.6459262554912252 1.9950378491834528 0.6882862153984403 1.1114598316516966 3.131267355676812
51 868 4 58.89814644310251 -4.852692106653185 0.6792945545421988 1.9022168743686976 0.6525054260681817 1.607693955732738 -3.132129503400859
51 972 4 -41.78190511675498 -21.292823309788712 0.5341247810277515 1.7944754117278265 0.7216733985763467 1.599028458935294 -0.0033482017740360526
52 811 1 20.49792663514088 -3.5701851725449787 0.41873912175089395 4.3512067794191385 1.8589193000399349 1.8735281683245666 -3.1362005714090104
52 813 4 68.90518830104905 -3.686110182155591 0.6459262554912252 1.9950378491834528 0.6882862153984403 1.1114598316516966 3.131267355676812
52 868 4 60.32993470202107 -4.92092205025251 0.6792945545421988 1.9022168743686976 0.6525054260681817 1.607693955732738 -3.132129503400859
53 811 1 21.993205619029 -3.5995004500395402 0.41873912175089395 4.3512067794191385 1.8589193000399349 1.8735281683245666 -3.1362005714090104
53 813 4 70.68091114798686 -3.7130254149985293 0.6459262554912252 1.9950378491834528 0.6882862153984403 1.1114598316516966 3.131267355676812
53 868 4 61.943014838846715 -5.134639586084095 0.6792945545421988 1.9022168743686976 0.6525054260681817 1.607693955732738 -3.132129503400859
54 811 1 23.525559226781475 -3.5725487819790565 0.41873912175089395 4.3512067794191385 1.8589193000399349 1.8735281683245666 -3.1362005714090104
54 813 4 72.42267312545466 -3.705271123930107 0.6459262554912252 1.9950378491834528 0.6882862153984403 1.1114598316516966 3.131267355676812
54 868 4 63.28616915894004 -5.342733589170705 0.6792945545421988 1.9022168743686976 0.6525054260681817 1.607693955732738 -3.132129503400859
55 811 1 25.039123595771596 -3.5270094166203467 0.41873912175089395 4.3512067794191385 1.8589193000399349 1.8735281683245666 -3.1362005714090104
55 813 4 74.82393965755615 -3.807283221931859 0.6459262554912252 1.9950378491834528 0.6882862153984403 1.1114598316516966 3.131267355676812
55 868 4 64.63788762735047 -5.591636333714578 0.6792945545421988 1.9022168743686976 0.6525054260681817 1.607693955732738 -3.132129503400859
56 811 1 26.60885413958469 -3.4998562070957075 0.41873912175089395 4.3512067794191385 1.8589193000399349 1.8735281683245666 -3.1362005714090104
56 813 4 77.08900838455688 -3.8049324209788193 0.6459262554912252 1.9950378491834528 0.6882862153984403 1.1114598316516966 3.131267355676812
56 868 4 66.01429254064806 -5.856661374828521 0.6792945545421988 1.9022168743686976 0.6525054260681817 1.607693955732738 -3.132129503400859
57 811 1 28.23495239968491 -3.5284660894657467 0.41873912175089395 4.3512067794191385 1.8589193000399349 1.8735281683245666 -3.1362005714090104
57 868 4 67.94566538391636 -6.001943108743543 0.6792945545421988 1.9022168743686976 0.6525054260681817 1.607693955732738 -3.132129503400859
58 811 1 30.104000744179032 -3.5557659523188083 0.41873912175089395 4.3512067794191385 1.8589193000399349 1.8735281683245666 -3.1362005714090104
58 868 4 69.24568942394285 -5.973284503681773 0.6792945545421988 1.9022168743686976 0.6525054260681817 1.607693955732738 -3.132129503400859
59 811 1 31.935873694076708 -3.6206442926966163 0.41873912175089395 4.3512067794191385 1.8589193000399349 1.8735281683245666 -3.1362005714090104
59 868 4 71.06010480634372 -5.857978415384737 0.6792945545421988 1.9022168743686976 0.6525054260681817 1.607693955732738 -3.132129503400859
60 811 1 33.65511198213221 -3.592684917315375 0.41873912175089395 4.3512067794191385 1.8589193000399349 1.8735281683245666 -3.1362005714090104
60 868 4 72.21185540780645 -5.716231580471463 0.6792945545421988 1.9022168743686976 0.6525054260681817 1.607693955732738 -3.132129503400859
61 811 1 35.543050336120785 -3.657260945496955 0.41873912175089395 4.3512067794191385 1.8589193000399349 1.8735281683245666 -3.1362005714090104
61 868 4 74.68661403253586 -5.382049482325139 0.6792945545421988 1.9022168743686976 0.6525054260681817 1.607693955732738 -3.132129503400859
62 811 1 37.355932505791934 -3.6661746525159367 0.41873912175089395 4.3512067794191385 1.8589193000399349 1.8735281683245666 -3.1362005714090104
62 868 4 76.33170660864073 -5.521862452735806 0.6792945545421988 1.9022168743686976 0.6525054260681817 1.607693955732738 -3.132129503400859
63 811 1 39.33822013652069 -3.8984430393098357 0.41873912175089395 4.3512067794191385 1.8589193000399349 1.8735281683245666 -3.1362005714090104
64 811 1 41.09493613136885 -3.888970590494747 0.41873912175089395 4.3512067794191385 1.8589193000399349 1.8735281683245666 -3.1362005714090104
65 811 1 43.15006299030937 -3.7657550017846484 0.41873912175089395 4.3512067794191385 1.8589193000399349 1.8735281683245666 -3.1362005714090104
66 811 1 44.831319717911825 -3.6258663596857588 0.41873912175089395 4.3512067794191385 1.8589193000399349 1.8735281683245666 -3.1362005714090104
67 811 1 46.83038117276144 -3.502953083171888 0.41873912175089395 4.3512067794191385 1.8589193000399349 1.8735281683245666 -3.1362005714090104
68 811 1 48.473958652107065 -3.307200578446252 0.41873912175089395 4.3512067794191385 1.8589193000399349 1.8735281683245666 -3.1362005714090104
69 811 1 50.11693150706022 -2.9993172655388203 0.41873912175089395 4.3512067794191385 1.8589193000399349 1.8735281683245666 -3.1362005714090104
70 811 1 51.87324441898009 -2.9150909446025284 0.41873912175089395 4.3512067794191385 1.8589193000399349 1.8735281683245666 -3.1362005714090104
71 811 1 53.33064261314724 -2.8511654234097463 0.41873912175089395 4.3512067794191385 1.8589193000399349 1.8735281683245666 -3.1362005714090104
72 811 1 54.712379998604504 -2.6194467728725686 0.41873912175089395 4.3512067794191385 1.8589193000399349 1.8735281683245666 -3.1362005714090104
73 811 1 55.96370119077797 -2.463187389581117 0.41873912175089395 4.3512067794191385 1.8589193000399349 1.8735281683245666 -3.1362005714090104
74 811 1 57.160266998377516 -2.550180402879787 0.41873912175089395 4.3512067794191385 1.8589193000399349 1.8735281683245666 -3.1362005714090104
75 811 1 58.09489194135665 -2.582518802336615 0.41873912175089395 4.3512067794191385 1.8589193000399349 1.8735281683245666 -3.1362005714090104
76 811 1 59.06699459112845 -2.633344128359592 0.41873912175089395 4.3512067794191385 1.8589193000399349 1.8735281683245666 -3.1362005714090104
77 811 1 60.05839033332301 -2.7961994918322906 0.41873912175089395 4.3512067794191385 1.8589193000399349 1.8735281683245666 -3.1362005714090104
78 811 1 60.95543679877743 -2.791362496692672 0.41873912175089395 4.3512067794191385 1.8589193000399349 1.8735281683245666 -3.1362005714090104
79 811 1 61.53417468332423 -2.6761077958165274 0.41873912175089395 4.3512067794191385 1.8589193000399349 1.8735281683245666 -3.1362005714090104
80 811 1 62.299696477441984 -2.5411569195893455 0.41873912175089395 4.3512067794191385 1.8589193000399349 1.8735281683245666 -3.1362005714090104
81 811 1 63.06511750082768 -2.3875175753318514 0.41873912175089395 4.3512067794191385 1.8589193000399349 1.8735281683245666 -3.1362005714090104
82 811 1 63.6435530731783 -2.216197470364817 0.41873912175089395 4.3512067794191385 1.8589193000399349 1.8735281683245666 -3.1362005714090104
83 811 1 63.96105548822925 -2.177107431858937 0.41873912175089395 4.3512067794191385 1.8589193000399349 1.8735281683245666 -3.1362005714090104
84 811 1 64.09237861810172 -2.269844376885908 0.41873912175089395 4.3512067794191385 1.8589193000399349 1.8735281683245666 -3.1362005714090104
85 811 1 64.27865867401225 -2.1567058613833545 0.41873912175089395 4.3512067794191385 1.8589193000399349 1.8735281683245666 -3.090832453242112
86 811 1 64.25183331336127 -2.0634732251791728 0.41873912175089395 4.3512067794191385 1.8589193000399349 1.8735281683245666 -3.0588305771850166
87 811 1 64.15436820271219 -2.052251261588392 0.41873912175089395 4.3512067794191385 1.8589193000399349 1.8735281683245666 -3.0588305771850166
87 1878 4 53.31579220908072 -7.917419466418413 1.3535982721851907 1.8517048820737583 2.911387421625746 2.2840739491354833 -1.5707963267948966
88 811 1 63.788454429151216 -2.0632975325257923 0.41873912175089395 4.3512067794191385 1.8589193000399349 1.8735281683245666 -3.0588305771850166
88 1878 4 49.27355014064195 -8.478841975923817 1.3535982721851907 1.8517048820737583 2.911387421625746 2.2840739491354833 -1.5707963267948966
89 811 1 63.114151595510414 -2.0806183098588384 0.41873912175089395 4.3512067794191385 1.8589193000399349 1.8735281683245666 -3.0588305771850166
89 1878 4 43.4347560417859 -8.46636592015705 1.3535982721851907 1.8517048820737583 2.911387421625746 2.2840739491354833 -1.5707963267948966
90 811 1 62.40317738738948 -1.8886057259417246 0.41873912175089395 4.3512067794191385 1.8589193000399349 1.8735281683245666 -3.0588305771850166
90 1878 4 36.26102397588371 -8.466365920157061 1.3535982721851907 1.8517048820737583 2.911387421625746 2.2840739491354833 -1.5707963267948966
91 811 1 61.65694670031564 -1.9698135694782177 0.41873912175089395 4.3512067794191385 1.8589193000399349 1.8735281683245666 -3.0588305771850166
91 1878 4 29.561382029119393 -8.715887035492809 1.3535982721851907 1.8517048820737583 2.911387421625746 2.2840739491354833 -1.5707963267948966
92 811 1 60.6422673503299 -2.073289647542895 0.41873912175089395 4.3512067794191385 1.8589193000399349 1.8735281683245666 -3.0588305771850166
92 1878 4 22.736979524687232 -9.015312373895672 1.3535982721851907 1.8517048820737583 2.911387421625746 2.2840739491354833 -1.5707963267948966
93 811 1 60.14212924531301 -2.0954700357443836 0.41873912175089395 4.3512067794191385 1.8589193000399349 1.8735281683245666 -3.0588305771850166
93 1878 4 18.43289586320021 -9.35545520594793 1.3535982721851907 1.8517048820737583 2.911387421625746 2.2840739491354833 -1.5707963267948966
94 811 1 59.42293855730906 -2.5026512556738467 0.41873912175089395 4.3512067794191385 1.8589193000399349 1.8735281683245666 -3.0588305771850166
94 1878 4 13.323082988170666 -9.435084330309154 1.3535982721851907 1.8517048820737583 2.911387421625746 2.2840739491354833 -1.5707963267948966
95 811 1 59.017172232906795 -2.2660143563736783 0.41873912175089395 4.3512067794191385 1.8589193000399349 1.8735281683245666 -3.0588305771850166
95 1878 4 7.977590004098601 -9.435655722885969 1.3535982721851907 2.077416671029559 3.274186862854411 2.2840739491354833 -1.5707963267948966
96 811 1 58.2054638914489 -2.2561194419834085 0.41873912175089395 4.3512067794191385 1.8589193000399349 1.8735281683245666 -3.0588305771850166
96 1878 4 1.1387338532685973 -9.05812683236395 1.3535982721851907 1.9136952841649806 4.079956149411698 2.2840739491354833 -1.5707963267948966
97 811 1 57.559879491385296 -2.386899058098092 0.41873912175089395 4.3512067794191385 1.8589193000399349 1.8735281683245666 -3.0588305771850166
97 1878 4 -5.212930292361938 -8.503049217795636 1.3535982721851907 2.729136553573328 5.699503786520904 2.2840739491354833 -1.562678798351284
98 811 1 57.05337903364609 -2.3323798283247674 0.41873912175089395 4.3512067794191385 1.8589193000399349 1.8735281683245666 -3.0588305771850166
98 1878 4 -10.017200553128472 -7.945577794324786 1.3535982721851907 2.8138867883482153 4.974835385532888 2.2840739491354833 -1.4872341850222497
99 811 1 56.42219777353445 -2.404044142777757 0.41873912175089395 4.3512067794191385 1.8589193000399349 1.8735281683245666 -3.0588305771850166
99 1878 4 -15.499155702495962 -7.294836747808659 1.3535982721851907 2.6522424292089646 4.216469943638103 2.2840739491354833 -1.5020642151681165
