0 1056 2 18.73432473573136 -17.394353900618594 1.6496847635313696 5.308491500382086 2.435150966057109 3.9360486831302968 -0.0001828795753160417
0 1053 2 54.577551742539804 -3.6429208698986986 0.8517378527349437 14.710499092977946 2.750850338471686 2.3839171298598423 -3.1346429668645728
0 697 2 71.96372424568779 -22.954987363614933 0.8048082014004647 5.993605341214983 2.238841067097622 1.959078058946586 -0.004077891023556157
0 1055 2 -48.7466711077973 -24.611434594310417 1.0420137981592088 4.812384489400617 2.169168007918176 2.9585591161095577 0.0029957137565597147
1 1056 2 8.369799551989455 -17.43694193658541 1.6496847635313696 5.308491500382086 2.435150966057109 3.9360486831302968 -0.0001828795753160417
1 1053 2 53.8171172590723 -3.6482057364172076 0.8517378527349437 14.710499092977946 2.750850338471686 2.3839171298598423 -3.1346429668645728
1 697 2 58.18301201901037 -22.8484939887186 0.8048082014004647 5.993605341214983 2.238841067097622 1.959078058946586 -0.004077891023556157
1 1055 2 -64.41236837939766 -24.77949670061781 1.0420137981592088 4.812384489400617 2.169168007918176 2.9585591161095577 0.0029957137565597147
2 1056 2 -9.901081233530238 -17.635046621123557 1.6496847635313696 5.308491500382086 2.435150966057109 3.9360486831302968 -0.0001828795753160417
2 1053 2 53.94491618063937 -3.494081205531335 0.8517378527349437 14.710499092977946 2.750850338471686 2.3839171298598423 -3.1346429668645728
2 697 2 45.26007696058256 -22.822402824716225 0.8048082014004647 5.993605341214983 2.238841067097622 1.959078058946586 -0.004077891023556157
2 1055 2 -79.10857864787268 -25.51643283128519 0.6210748411484844 5.39608259214192 2.3534272327353563 1.77955760379343 0.0029957137565597147
3 1056 2 -13.590392542213058 -18.04428797168241 1.6496847635313696 5.308491500382086 2.435150966057109 3.9360486831302968 -0.0001828795753160417
3 1053 2 54.37546594226564 -3.562767860413908 0.8517378527349437 14.710499092977946 2.750850338471686 2.3839171298598423 -3.1346429668645728
3 697 2 32.19001963011489 -22.769104259813208 0.8048082014004647 5.993605341214983 2.238841067097622 1.959078058946586 -0.004077891023556157
3 1055 2 -93.42424714828772 -25.515277555251068 -0.23780181123638755 5.242976688543237 2.6184065543514903 0.6556510518532144 0.0029957137565597147
4 1056 2 -28.934041038258975 -17.154385532058974 1.6496847635313696 5.308491500382086 2.435150966057109 3.9360486831302968 -0.0001828795753160417
4 1053 2 55.08747176691478 -3.6225097606607237 0.8517378527349437 14.710499092977946 2.750850338471686 2.3839171298598423 -3.1346429668645728
4 697 2 18.1920628669852 -22.943764761601745 0.8048082014004647 5.993605341214983 2.238841067097622 1.959078058946586 -0.004077891023556157
4 1055 2 -109.00013679560267 -25.217988095418423 -0.23780181123638755 5.432451624189324 2.802185427745644 0.6556510518532144 0.0029957137565597147
5 1056 2 -43.50340890895507 -17.78153304674133 1.0202180694406393 5.261038253624402 2.435150966057283 2.397471027740081 -0.0001828795753160417
5 1053 2 55.22868143124447 -3.69196020281759 0.3956721219607824 14.612515383644995 2.750850338473311 1.276360668577985 -3.1346429668645728
5 697 2 10.830575555026185 -22.99676911494082 0.7486590891202236 6.34191865667363 2.238841067097373 3.4627725889287806 -0.004077891023556157
6 1056 2 -57.946650945760325 -17.61163312844934 1.065671253421303 5.212088119675128 2.435150966058665 2.3065646597787532 -0.0002050842854530721
6 1053 2 55.83026514600107 -4.018060254666377 0.20166619558868354 14.530431409083784 2.7508503384731346 1.6643725213221825 -3.1346429668645728
6 697 2 -11.414410560549692 -23.620246691063443 0.7486590891202236 6.34191865667363 2.238841067097373 3.4627725889287806 -0.004077891023556157
7 1056 2 -73.32081085627303 -17.43377538320405 0.45429804899074966 5.125503493663636 2.4351509660582455 3.005544991452281 -0.0002050842854530721
7 1053 2 56.44543313302919 -4.090618942677178 0.20166619558868354 14.530431409083784 2.7508503384731346 1.6643725213221825 -3.1346429668645728
7 697 2 -25.729558494574825 -23.721516751260154 0.7486590891202236 6.34191865667363 2.238841067097373 3.4627725889287806 -0.004077891023556157
8 1056 2 -87.78834430931164 -17.688512492215253 0.3999392955518208 5.026180012480633 2.4351509660580533 3.584029503358009 -0.0002050842854530721
8 1053 2 56.44543313302919 -4.090618942677178 0.20166619558868354 14.530431409083784 2.7508503384731346 1.6643725213221825 -3.1346429668645728
8 697 2 -38.76757659166929 -23.827994836623255 0.7486590891202236 6.34191865667363 2.238841067097373 3.4627725889287806 -0.004077891023556157
9 1056 2 -103.45624006973881 -17.85377311546672 0.3999392955518208 5.026180012480633 2.4351509660580533 3.584029503358009 -0.0002050842854530721
9 1053 2 56.82904544819444 -4.011118932707459 0.20166619558868354 14.530431409083784 2.7508503384731346 1.6643725213221825 -3.1346429668645728
9 697 2 -43.7965025198159 -23.91391797574113 1.1743725743951847 6.501147584995759 2.238841067097531 2.6113456183788584 -0.004077891023556157
10 1053 2 57.49042662558223 -3.13488017843071 0.7886907452192038 14.31581252886144 2.7508503384729073 2.838421620583223 -3.1346429668645728
10 697 2 -56.615921648535945 -24.025290018664947 1.1743725743951847 6.501147584995759 2.238841067097531 2.6113456183788584 -0.004077891023556157
11 1053 2 57.489900546986135 -3.0591832229681586 0.7886907452192038 14.31581252886144 2.7508503384729073 2.838421620583223 -3.1346429668645728
11 697 2 -69.32691235075696 -24.300752750235088 1.1743725743951847 6.501147584995759 2.238841067097531 2.6113456183788584 -0.004077891023556157
12 1053 2 57.72500303030392 -3.1747006884864297 0.7886907452192038 14.31581252886144 2.7508503384729073 2.838421620583223 -3.1346429668645728
12 697 2 -82.91200379957642 -24.899948028235254 1.1743725743951847 6.501147584995759 2.238841067097531 2.6113456183788584 -0.004077891023556157
13 1053 2 57.9520908914654 -3.1731224735838883 0.7886907452192038 14.31581252886144 2.7508503384729073 2.838421620583223 -3.1346429668645728
13 697 2 -96.82304786135364 -25.170517045856464 1.1743725743951847 6.501147584995759 2.238841067097531 2.6113456183788584 -0.004077891023556157
14 1053 2 58.167324584902545 -3.099711061737051 0.7886907452192038 14.31581252886144 2.7508503384729073 2.838421620583223 -3.1346429668645728
14 697 2 -109.36883781222704 -25.064806889082497 1.1743725743951847 6.501147584995759 2.238841067097531 2.6113456183788584 -0.004077891023556157
15 1053 2 58.695937661366656 -3.0960373073114056 0.7886907452192038 14.31581252886144 2.7508503384729073 2.838421620583223 -3.1346429668645728
16 1053 2 59.27961632730312 -3.4091682206446876 0.7886907452192038 14.31581252886144 2.7508503384729073 2.838421620583223 -3.1346429668645728
17 1053 2 60.00024488373677 -3.4041599973026657 0.7886907452192038 14.31581252886144 2.7508503384729073 2.838421620583223 -3.1346429668645728
18 1053 2 60.955850532210356 -3.317833876173498 0.7886907452192038 14.31581252886144 2.7508503384729073 2.838421620583223 -3.1346429668645728
19 1053 2 61.93989793057684 -3.310994944929163 0.7886907452192038 14.31581252886144 2.7508503384729073 2.838421620583223 -3.1346429668645728
20 1053 2 63.378620825932614 -3.3729116915691746 0.7886907452192038 14.31581252886144 2.7508503384729073 2.838421620583223 -3.1346429668645728
21 1053 2 64.71677140029487 -3.7531401544956893 0.7886907452192038 14.31581252886144 2.7508503384729073 2.838421620583223 -3.1346429668645728
22 1053 2 66.45672617867416 -3.589646595984452 0.7886907452192038 14.31581252886144 2.7508503384729073 2.838421620583223 -3.1346429668645728
23 1053 2 67.89373413651568 -3.978083951666064 0.7886907452192038 14.31581252886144 2.7508503384729073 2.838421620583223 -3.1346429668645728
24 1053 2 69.65682916578851 -4.2174671783363005 0.7886907452192038 14.31581252886144 2.7508503384729073 2.838421620583223 -3.1346429668645728
25 1053 2 71.33996522734022 -4.445994021557819 0.7886907452192038 14.31581252886144 2.7508503384729073 2.838421620583223 -3.1346429668645728
25 1186 1 33.92087657123803 -42.29745554866261 -0.6801939955201424 4.387219584602736 2.50669805545075 1.6647845629527698 -1.5707963267948966
26 1053 2 72.77788348046106 -3.955552179501302 0.7886907452192038 14.31581252886144 2.7508503384729073 2.838421620583223 -3.1346429668645728
26 1186 1 32.95795749904986 -32.34226107067041 -0.6801939955201424 4.387219584602736 2.50669805545075 1.6647845629527698 -1.5707963267948966
27 1053 2 73.9789310745171 -3.9472051405979336 0.7886907452192038 14.31581252886144 2.7508503384729073 2.838421620583223 -3.1346429668645728
27 1186 1 24.276195588030884 -37.21698265954681 -0.6801939955201424 4.387219584602736 2.50669805545075 1.6647845629527698 -1.5707963267948966
27 1187 2 112.43204076638563 -23.248863412555522 0.46956083845482566 6.189856775591975 2.5421822579668736 2.06936526893234 -0.000667259687447519
28 1053 2 75.30008342797876 -3.938023397804229 0.7886907452192038 14.31581252886144 2.7508503384729073 2.838421620583223 -3.1346429668645728
28 1186 1 18.09623844582879 -35.7770117020593 -0.6801939955201424 4.387219584602736 2.50669805545075 1.6647845629527698 -1.5707963267948966
28 1187 2 97.90645255152792 -22.77226076386157 0.46956083845482566 6.189856775591975 2.5421822579668736 2.06936526893234 -0.000667259687447519
29 1053 2 76.74134054084604 -3.928006951120187 0.7886907452192038 14.31581252886144 2.7508503384729073 2.838421620583223 -3.1346429668645728
29 1186 1 12.1072155232542 -34.56993778481372 -0.6801939955201424 4.387219584602736 2.50669805545075 1.6647845629527698 -1.5707963267948966
29 1187 2 83.12140678220243 -22.399242835753657 0.6770737384393277 6.189856775591975 2.5421822579668736 2.06936526893234 -0.000667259687447519
30 1053 2 77.82228337549651 -3.9204946161071543 0.7886907452192038 14.31581252886144 2.7508503384729073 2.838421620583223 -3.1346429668645728
30 1186 1 6.025339532112565 -33.96640082619093 -0.6801939955201424 4.387219584602736 2.50669805545075 1.6647845629527698 -1.5707963267948966
30 1188 1 9.779290127035855 -48.39330324595392 -1.502734005106379 3.7038499233950795 2.1907736213751074 1.186134255929669 -1.5707963267948966
30 1187 2 69.37371483542157 -22.338190630671452 0.6770737384393277 6.189856775591975 2.5421822579668736 2.06936526893234 -0.000667259687447519
31 1053 2 78.78312145074135 -3.913816984984459 0.7886907452192038 14.31581252886144 2.7508503384729073 2.838421620583223 -3.1346429668645728
31 1186 1 -0.4743752675807835 -33.50214162725032 -0.6801939955201424 4.387219584602736 2.50669805545075 1.6647845629527698 -1.5707963267948966
31 1188 1 2.528221712359378 -43.180441966020595 -0.7580395365444691 3.7038499233950795 2.1907736213751074 1.186134255929669 -1.5707963267948966
31 1187 2 54.43292714292452 -22.12070555150898 1.5071253383773273 6.189856775591975 2.5421822579668736 2.06936526893234 -0.000667259687447519
32 1053 2 79.90085583650064 -4.22478837337572 0.7886907452192038 14.31581252886144 2.7508503384729073 2.838421620583223 -3.1346429668645728
32 1186 1 -6.974090067274132 -33.409289787462185 -0.6801939955201424 4.387219584602736 2.50669805545075 1.6647845629527698 -1.5707963267948966
32 1188 1 -3.6645826634183694 -39.57455296035242 -0.7580395365444691 3.7038499233950795 2.1907736213751074 1.186134255929669 -1.5707963267948966
32 1187 2 40.58151338595315 -22.007705213944607 1.5071253383773273 6.189856775591975 2.5421822579668736 2.06936526893234 -0.000667259687447519
33 1053 2 80.85812278580396 -4.377505269496713 0.7886907452192038 14.31581252886144 2.7508503384729073 2.838421620583223 -3.1346429668645728
33 1187 2 26.263438024883893 -21.53124103023317 1.5071253383773273 6.189856775591975 2.5421822579668736 2.06936526893234 -0.000667259687447519
34 1053 2 81.76647423044993 -4.3711924098865556 0.7886907452192038 14.31581252886144 2.7508503384729073 2.838421620583223 -3.1346429668645728
34 1187 2 15.47469606096941 -21.05713182877122 2.1817417462477735 6.186627009370602 2.5421822579658877 3.418598084673232 -0.000667259687447519
35 1053 2 82.43629746875666 -4.198779685234428 0.7886907452192038 14.31581252886144 2.7508503384729073 2.838421620583223 -3.1346429668645728
35 1187 2 3.4035049232818215 -21.095008704482947 2.1817417462477735 6.186627009370602 2.5421822579658877 3.418598084673232 -0.000667259687447519
36 1053 2 82.7539097400091 -4.0372026352746095 0.7886907452192038 14.31581252886144 2.7508503384729073 2.838421620583223 -3.1346429668645728
36 1187 2 -14.692408610892587 -20.875526585360845 1.663230114234529 6.186627009370602 2.5421822579658877 3.418598084673232 -0.000667259687447519
37 1053 2 83.23599820750478 -4.274076517399502 0.7886907452192038 14.31581252886144 2.7508503384729073 2.838421620583223 -3.1346429668645728
37 1187 2 -29.12530814984616 -21.062933163431367 1.663230114234529 6.186627009370602 2.5421822579658877 3.418598084673232 -0.000667259687447519
38 1053 2 83.90407270809598 -3.85003956406299 0.7886907452192038 14.31581252886144 2.7508503384729073 2.838421620583223 -3.1346429668645728
38 1187 2 -43.017077660022395 -21.10551560520595 1.0991651592769547 6.177879541615116 2.5421822579630113 2.2904681747580833 -0.000667259687447519
39 1053 2 84.8155806243185 -4.297908437228152 0.7886907452192038 14.31581252886144 2.7508503384729073 2.838421620583223 -3.1346429668645728
39 1187 2 -58.239802394147326 -21.14713665918965 1.0991651592769547 6.177879541615116 2.5421822579630113 2.2904681747580833 -0.000667259687447519
40 1053 2 85.19300823572883 -4.143884168132148 0.7886907452192038 14.31581252886144 2.7508503384729073 2.838421620583223 -3.1346429668645728
40 1187 2 -72.22639927392837 -21.29313966366046 0.5297350078270744 6.087267071218107 2.5421822579631255 3.222722643725939 -0.000667259687447519
41 1053 2 85.74855282694902 -3.8212838278274335 0.7886907452192038 14.31581252886144 2.7508503384729073 2.838421620583223 -3.1346429668645728
41 1187 2 -87.42998370572225 -21.334014248773357 1.3460332332452714 6.087267071218107 2.5421822579631255 3.222722643725939 -0.000667259687447519
41 1189 1 18.43301267882783 -24.154648442868222 -1.1271763656260196 4.091794847975249 1.9393530742767457 0.8517815113718432 0.0058321491251391855
42 1053 2 86.06782639903119 -3.8987497951177836 0.7886907452192038 14.31581252886144 2.7508503384729073 2.838421620583223 -3.1346429668645728
42 1187 2 -101.46034395847863 -21.681787632955103 0.8868654814475405 6.087267071218107 2.5421822579631255 3.222722643725939 -0.000667259687447519
42 1189 1 7.555557228484212 -24.60080863613126 -1.0015559854623153 4.160217187402712 1.939353074276475 1.5135592278228918 0.0058321491251391855
43 1053 2 86.88236832694805 -3.7337191841193764 0.5243778241008704 14.31581252886144 2.7508503384729073 2.838421620583223 -3.1346429668645728
43 1189 1 -5.513658808233947 -25.131422261362946 -1.0015559854623153 4.160217187402712 1.939353074276475 1.5135592278228918 0.0058321491251391855
44 1053 2 87.38561012453587 -3.7302217549724745 0.5243778241008704 14.31581252886144 2.7508503384729073 2.838421620583223 -3.1346429668645728
45 1053 2 87.50164856295788 -3.9353776203102493 0.5243778241008704 14.31581252886144 2.7508503384729073 2.838421620583223 -3.1346429668645728
45 773 1 59.00714430377925 -21.65358274108126 -0.4433027788730219 3.9552845244902857 2.1991344159927992 1.6290497607537233 -0.0011642622093892552
46 1053 2 88.39681347995412 -3.798894706898335 0.5243778241008704 14.31581252886144 2.7508503384729073 2.838421620583223 -3.1346429668645728
46 773 1 45.01330938272052 -22.59591882960281 -0.4433027788730219 3.9552845244902857 2.1991344159927992 1.6290497607537233 -0.0011642622093892552
47 1053 2 88.99939229493478 -4.0890582168185325 0.5243778241008704 14.31581252886144 2.7508503384729073 2.838421620583223 -3.1346429668645728
47 773 1 29.566053273534273 -22.511608728175396 -0.2443292365735556 3.9552845244902857 2.1991344159927992 1.6290497607537233 -0.0011642622093892552
48 1053 2 89.24009344961873 -4.326439955223924 0.5243778241008704 14.31581252886144 2.7508503384729073 2.838421620583223 -3.1346429668645728
48 773 1 15.320106655422034 -22.65413131822045 -0.2443292365735556 3.9552845244902857 2.1991344159927992 1.6290497607537233 -0.0011642622093892552
49 1053 2 89.65829578913154 -4.155775945145244 0.5243778241008704 14.31581252886144 2.7508503384729073 2.838421620583223 -3.1346429668645728
49 773 1 1.2413523236731243 -23.045898012753945 -0.2443292365735556 3.9552845244902857 2.1991344159927992 1.6290497607537233 -0.0011642622093892552
50 1053 2 89.65829578913154 -4.155775945145244 0.5243778241008704 14.31581252886144 2.7508503384729073 2.838421620583223 -3.1346429668645728
50 773 1 -13.649147371195253 -23.59232777143265 -0.07851795132399442 3.9552845244902857 2.1991344159927992 1.6290497607537233 -0.0011642622093892552
51 1053 2 90.2962891663527 -4.2310268739758925 0.5243778241008704 14.31581252886144 2.7508503384729073 2.838421620583223 -3.1346429668645728
51 773 1 -28.755322983512656 -23.243113030219632 0.4204693731921363 3.7254834774387824 2.1991344159917174 0.5709644726914203 -0.0011642622093892552
52 1053 2 90.75738692519604 -4.227822337411007 0.5243778241008704 14.31581252886144 2.7508503384729073 2.838421620583223 -3.1346429668645728
53 1053 2 91.11655860670828 -4.301275827801784 0.6231589180556666 14.121753932196112 2.7508503384753786 0.9291056597530136 -3.1346429668645728
54 1053 2 91.11655860670828 -4.301275827801784 0.6231589180556666 14.121753932196112 2.7508503384753786 0.9291056597530136 -3.1346429668645728
55 1053 2 91.79133257107955 -4.371507780117735 0.6231589180556666 14.121753932196112 2.7508503384753786 0.9291056597530136 -3.1346429668645728
56 1053 2 92.39014817377887 -4.292424636794966 0.6231589180556666 14.121753932196112 2.7508503384753786 0.9291056597530136 -3.1346429668645728
57 1053 2 92.68929564304979 -4.215424126650276 0.6231589180556666 14.121753932196112 2.7508503384753786 0.9291056597530136 -3.1346429668645728
58 1053 2 93.36302827910616 -4.135820325032989 0.6231589180556666 14.121753932196112 2.7508503384753786 0.9291056597530136 -3.1346429668645728
59 1053 2 93.88536485597605 -3.8325042091048784 0.6231589180556666 14.121753932196112 2.7508503384753786 0.9291056597530136 -3.1346429668645728
60 1053 2 94.48418045867533 -3.7534210657821085 0.6231589180556666 14.121753932196112 2.7508503384753786 0.9291056597530136 -3.1346429668645728
61 1053 2 95.00912035633239 -3.8246943346871016 0.6231589180556666 14.121753932196112 2.7508503384753786 0.9291056597530136 -3.1346429668645728
62 1053 2 95.6084566231891 -3.820529068330954 0.6231589180556666 14.121753932196112 2.7508503384753786 0.9291056597530136 -3.1346429668645728
63 1053 2 96.35866828507486 -3.965158239319008 0.6231589180556666 14.121753932196112 2.7508503384753786 0.9291056597530136 -3.1346429668645728
64 1053 2 97.18327631616025 -4.034348875045927 0.6231589180556666 14.121753932196112 2.7508503384753786 0.9291056597530136 -3.1346429668645728
65 1053 2 98.00840501140311 -4.178457387739466 0.6231589180556666 14.121753932196112 2.7508503384753786 0.9291056597530136 -3.1346429668645728
66 1053 2 98.75861667328891 -4.323086558727522 0.6231589180556666 14.121753932196112 2.7508503384753786 0.9291056597530136 -3.1346429668645728
67 1053 2 99.65866240188885 -4.4666744131265395 0.6231589180556666 14.121753932196112 2.7508503384753786 0.9291056597530136 -3.1346429668645728
68 1053 2 100.9690381921331 -4.4504491325187505 0.6231589180556666 14.121753932196112 2.7508503384753786 0.9291056597530136 -3.1346429668645728
68 780 1 48.23637582627847 -21.129047098826707 -0.4974450254450724 4.2171121501708875 1.9680911989027865 0.40590311293674963 -0.0010901158472553796
68 786 4 65.08162908717779 -12.35202977120343 0.9647104655455602 2.031552343789578 0.9117910569585078 1.7232704710054259 0.006839515990989087
69 1053 2 101.7171671973891 -4.295406795640325 0.6231589180556666 14.121753932196112 2.7508503384753786 0.9291056597530136 -3.1346429668645728
69 780 1 32.75492153212458 -22.095771533827104 0.767013934910663 4.194844917290794 1.9680911989032996 0.7440992769820385 -0.0010901158472553796
69 786 4 53.18704754126476 -12.271434332795913 1.4018970811787228 2.0240454672907293 0.9117910569583656 1.153470563293212 0.006839515990989087
70 1053 2 102.9153190669451 -4.212158385961415 0.6231589180556666 14.121753932196112 2.7508503384753786 0.9291056597530136 -3.1346429668645728
70 780 1 19.03279418035075 -22.05857622754364 0.1882617623709979 4.155062669995514 1.968091198903167 1.9016036220613688 -0.0010901158472553796
70 786 4 42.45251828707872 -12.377125120338553 0.584402066719342 2.0240454672907293 0.9117910569583656 1.153470563293212 0.006839515990989087
71 1053 2 103.66396873635854 -4.13203392604961 0.6231589180556666 14.121753932196112 2.7508503384753786 0.9291056597530136 -3.1346429668645728
71 780 1 5.421417126447793 -21.669299360839354 0.1882617623709979 4.155062669995514 1.968091198903167 1.9016036220613688 -0.0010901158472553796
71 786 4 32.076345866749136 -11.404676275380153 0.5603155114602906 2.0670719128568837 0.9117910569585815 1.717956314522504 0.006839515990989087
71 970 2 68.27376582743823 -21.512833365493137 0.9542352186694607 4.900817625449026 1.8099904037815628 1.452923215459078 0.007254337028892888
72 1053 2 104.63736950584327 -4.050347491254252 0.6231589180556666 14.121753932196112 2.7508503384753786 0.9291056597530136 -3.1346429668645728
72 780 1 -8.270307902610416 -21.566270521909125 0.2459928083347288 4.050827275415234 1.9680911989030085 1.3896815304306998 -0.0010901158472553796
72 786 4 27.27639537406452 -11.459475825015046 0.5603155114602906 2.0670719128568837 0.9117910569585815 1.717956314522504 0.006839515990989087
72 970 2 50.799777170220565 -22.40060841269495 0.9542352186707681 5.121167838983052 2.120538534472731 1.452923215461693 0.007254337028892888
72 781 1 83.90789373400818 -18.7404577993828 0.07382447138968251 4.300488974731082 1.9724185761631148 0.31753414916045897 -0.003960552979039411
73 1053 2 105.66411493415313 -3.8058782641921236 0.6231589180556666 14.121753932196112 2.7508503384753786 0.9291056597530136 -3.1346429668645728
73 780 1 -24.187588677652066 -21.458221322957005 0.2459928083347288 4.050827275415234 1.9680911989030085 1.3896815304306998 -0.0010901158472553796
73 786 4 11.269798600316031 -11.487760967697538 0.5603155114602906 2.0670719128568837 0.9117910569585815 1.717956314522504 0.006839515990989087
73 970 2 30.214659139525487 -22.056568287738504 0.9077242281843143 5.073829673751185 1.9601468727584992 1.452923215461693 0.007254337028892888
73 781 1 65.76698471831921 -16.595767491626415 -0.9866899877302548 4.300488974731082 1.9724185761631148 0.31753414916045897 -0.003960552979039411
74 1053 2 106.21621662290357 -3.564707715532878 0.6231589180556666 14.121753932196112 2.7508503384753786 0.9291056597530136 -3.1346429668645728
74 780 1 -34.14095216140716 -20.835162792981873 0.2459928083347288 4.050827275415234 1.9680911989030085 1.3896815304306998 -0.0010901158472553796
74 786 4 2.509458928751405 -11.048915616967498 0.5603155114602906 2.0670719128568837 0.9117910569585815 1.717956314522504 0.006839515990989087
74 970 2 12.673223806280376 -21.98792680436212 0.9077242281843143 5.074029879547422 2.0181232732006555 1.452923215461693 0.007254337028892888
74 781 1 47.176578945894455 -18.40215821812034 0.6281843022932956 4.300488974731082 1.9724185761631148 0.31753414916045897 -0.003960552979039411
75 1053 2 107.1666036625128 -3.7163250857421524 0.6231589180556666 14.121753932196112 2.7508503384753786 0.9291056597530136 -3.1346429668645728
75 780 1 -47.50744668079584 -20.639196735590446 1.1508277369952111 4.073851094638353 1.9680911989030951 1.9295881544246032 -0.0010901158472553796
75 786 4 -5.607873026202976 -9.92549664115436 0.8108692509407494 2.027139801944863 0.8504290091806457 1.7179563145244368 -0.5027150663949822
75 970 2 -4.832578056630783 -22.314202174390534 0.9077242281843143 5.074029879547422 2.0181232732006555 1.452923215461693 0.007254337028892888
75 781 1 30.450173020825034 -18.167192365323867 0.6281843022932956 4.300488974731082 1.9724185761631148 0.31753414916045897 -0.003960552979039411
76 1053 2 107.95712678153333 -3.631719924896503 0.6231589180556666 14.121753932196112 2.7508503384753786 0.9291056597530136 -3.1346429668645728
76 780 1 -64.39193228236383 -20.345876739537946 0.9684025358897204 3.999740787756294 1.9680911989032004 1.7927692535954916 -0.0010901158472553796
76 786 4 -13.03706000826142 -8.456313770928045 0.8108692509420283 1.9642365738855487 0.9100325214009366 1.7179563145269947 -0.7960041549535852
76 970 2 -22.256902469458595 -22.09898318962417 0.9077242281843143 5.074029879547422 2.0181232732006555 1.452923215461693 0.007254337028892888
76 781 1 13.30456983762838 -18.09928594049957 0.5661726085259383 4.3337095558634084 1.9724185761631363 0.690711663439012 -0.003960552979039411
77 1053 2 108.59053488119112 -3.706429050533514 0.6231589180556666 14.121753932196112 2.7508503384753786 0.9291056597530136 -3.1346429668645728
77 786 4 -20.258220464276608 -6.747172449243212 0.8108692509420283 1.9642365738855487 0.9100325214009366 1.7179563145269947 -1.309887486463297
77 970 2 -39.13849394883844 -22.136044311116862 0.9077242281843143 5.074029879547422 2.0181232732006555 1.452923215461693 0.007254337028892888
77 781 1 -4.32880452757325 -18.053736327488675 0.5661726085259383 4.3337095558634084 1.9724185761631363 0.690711663439012 -0.003960552979039411
78 1053 2 109.14593525141267 -3.9399026829193757 0.6231589180556666 14.121753932196112 2.7508503384753786 0.9291056597530136 -3.1346429668645728
78 786 4 -27.10909472693963 -4.777267912011889 0.8855356406081041 1.9642365738855487 0.9100325214009366 1.7179563145269947 -1.4338978422143722
78 970 2 -58.54787219371314 -22.98856379390626 0.9077242281843143 5.074029879547422 2.0181232732006555 1.452923215461693 0.007254337028892888
78 781 1 -21.57452865711433 -18.25260868702833 0.5661726085259383 4.3337095558634084 1.9724185761631363 0.690711663439012 -0.003960552979039411
78 1190 2 73.25303165740866 -22.11683712298992 0.29493890156853625 5.064220541866191 2.5207420582165905 0.47486931689846057 -0.0017857123876372505
79 1053 2 110.09687207126709 -4.170627416636169 0.6231589180556666 14.121753932196112 2.7508503384753786 0.9291056597530136 -3.1346429668645728
79 786 4 -32.77886319538134 -2.7097160675029714 0.8855356406081041 1.9642365738855487 0.9100325214009366 1.7179563145269947 -1.5615079580588684
79 970 2 -76.17357885556513 -25.365447752547524 0.6724199192121689 5.172777715426624 2.0181232732014194 1.6957892886163082 0.007254337028892888
79 781 1 -38.88888496869239 -17.382507940753968 0.5661726085259383 4.3337095558634084 1.9724185761631363 0.690711663439012 -0.003960552979039411
79 1190 2 59.018133423595195 -21.949632701162084 0.29493890156853625 5.064220541866191 2.5207420582165905 0.47486931689846057 -0.0017857123876372505
80 1053 2 110.57151581082651 -4.16732873823329 0.6231589180556666 14.121753932196112 2.7508503384753786 0.9291056597530136 -3.1346429668645728
80 786 4 -38.07500228880102 -1.033149507611098 0.8855356406081041 1.9642365738855487 0.9100325214009366 1.7179563145269947 -2.0756466642625617
80 970 2 -94.05863368065614 -24.247289568455354 0.556338925791406 5.172777715426624 2.0181232732014194 1.6957892886163082 0.007254337028892888
80 781 1 -55.79668973294395 -18.117069296340162 0.5661726085259383 4.3337095558634084 1.9724185761631363 0.690711663439012 -0.003960552979039411
80 1190 2 43.87581525804506 -21.78080788660459 0.9755049948005186 5.064220541866191 2.5207420582165905 0.47486931689846057 -0.0017857123876372505
81 1053 2 111.12361749957692 -3.9261581895740463 0.6231589180556666 14.121753932196112 2.7508503384753786 0.9291056597530136 -3.1346429668645728
81 786 4 -42.14263968604157 0.591772947340688 0.3091685253365528 1.9642365738855487 0.9100325214009366 1.7179563145269947 -2.0756466642625617
81 781 1 -72.26509328481056 -18.29473162578383 0.5661726085259383 4.3337095558634084 1.9724185761631363 0.690711663439012 -0.003960552979039411
81 1190 2 29.72908632978852 -20.824403736579097 0.4900627141929732 5.238889933067257 2.520742058216527 2.565187624565773 -0.0017857123876372505
82 1053 2 111.12361749957692 -3.9261581895740463 0.6231589180556666 14.121753932196112 2.7508503384753786 0.9291056597530136 -3.1346429668645728
82 786 4 -46.05715834296741 1.811346139921098 0.3091685253365528 1.9642365738855487 0.9100325214009366 1.7179563145269947 3.1118550593141068
82 781 1 -88.63307314052872 -17.64697706290354 0.5661726085259383 4.3337095558634084 1.9724185761631363 0.690711663439012 -0.003960552979039411
82 1190 2 15.618041554198099 -21.561894148365873 0.9300743183897282 5.238889933067257 2.520742058216527 2.565187624565773 -0.0017857123876372505
83 1053 2 112.23111955854894 -3.918461273300662 0.6231589180556666 14.121753932196112 2.7508503384753786 0.9291056597530136 -3.1346429668645728
83 786 4 -49.86680348809289 2.734723525425387 1.0283047347781944 1.9642365738855487 0.9100325214009366 1.7179563145269947 3.1118128123423037
83 1190 2 -0.07562825799509887 -21.50453555698569 0.9300743183897282 5.238889933067257 2.520742058216527 2.565187624565773 -0.0017857123876372505
84 786 4 -53.121244911580774 2.7940869366902072 1.6853075953983596 1.9642365738855487 0.9100325214009366 1.7179563145269947 -3.133056529608023
84 1190 2 -11.355208289929157 -21.71906689779653 0.622051872157596 5.209985498067836 2.5207420582151876 1.949142732101509 -0.0017857123876372505
85 786 4 -55.576235800433814 2.7354515117683524 1.6853075953983596 1.9642365738855487 0.9100325214009366 1.7179563145269947 -3.133056529608023
85 1190 2 -28.391811413237072 -21.659471917237248 0.622051872157596 5.209985498067836 2.5207420582151876 1.949142732101509 -0.0017857123876372505
86 786 4 -57.79273547963955 2.61723920593871 1.6853075953983596 1.9642365738855487 0.9100325214009366 1.7179563145269947 -3.133056529608023
86 1190 2 -43.53221147302603 -21.60326301357709 1.0596378921882483 5.209985498067836 2.5207420582151876 1.949142732101509 -0.0017857123876372505
87 786 4 -59.78879193495979 2.522973460994448 1.6853075953983596 1.9642365738855487 0.9100325214009366 1.7179563145269947 -3.133056529608023
87 1190 2 -58.0575436851814 -20.177046121207322 1.0596378921882483 5.209985498067836 2.5207420582151876 1.949142732101509 -0.0017857123876372505
88 786 4 -60.946636791472216 2.4579277524611904 1.6853075953983596 1.9642365738855487 0.9100325214009366 1.7179563145269947 -3.133056529608023
88 1190 2 -72.12065035807419 -21.2896599550162 1.0596378921882483 5.209985498067836 2.5207420582151876 1.949142732101509 -0.0017857123876372505
88 785 1 95.67166335216702 -19.085413983915338 -0.08796282531322464 4.4848489718319575 2.228981205025015 1.173461275590877 0.00038783301226019695
89 786 4 -61.60890815606266 2.496403953650448 1.6853075953983596 1.9642365738855487 0.9100325214009366 1.7179563145269947 -3.133056529608023
89 1190 2 -86.03539552673146 -21.002259920960583 -0.39898217458058016 5.209985498067836 2.5207420582151876 1.949142732101509 -0.0017857123876372505
89 785 1 78.2900620692602 -18.436026234696918 0.33925163475449327 4.484848971831933 2.130607180830648 0.519809027710753 0.00038783301226019695
90 786 4 -62.53589409109588 2.830495054171678 0.9716922096264176 1.9473445120666304 0.9100325214008841 1.909605320911906 -3.133056529608023
90 1190 2 -100.88506181553174 -21.500847209405748 -0.39898217458058016 5.209985498067836 2.5207420582151876 1.949142732101509 -0.0017857123876372505
90 785 1 59.49399131882325 -18.86893001098669 0.8405641297045827 4.4848489718319575 2.228981205025015 1.173461275590877 0.00038783301226019695
91 786 4 -63.04922095594759 2.7823615679279383 0.5892328672768019 1.9699046101893907 0.9100325214010038 1.1446866362126746 -3.133056529608023
91 785 1 42.3036575844815 -18.77521559688557 0.9158500990303544 4.4848489718319575 2.228981205025015 1.173461275590877 0.00038783301226019695
91 792 1 50.1687139988417 -24.34499192178508 0.19697927072265636 4.534692106252486 2.170964399783963 1.6894383500117494 0.0024293646023283433
92 786 4 -62.189285745589274 2.7565099534802786 0.8601229960724663 2.029717723741352 0.9100325214011086 0.6029063786213458 -3.133056529608023
92 785 1 23.406842656534508 -18.305732787481404 1.0164217048128754 4.434364575763749 2.2289812050229156 1.9267015955448865 0.00038783301226019695
92 792 1 34.872392025723855 -24.382152338036096 0.5019381966730149 4.547310915901478 2.170964399785456 2.908926609754585 0.0024293646023283433
93 786 4 -62.417729941497676 2.811553512611281 0.8601229960724663 2.029717723741352 0.9100325214011086 0.6029063786213458 -3.133056529608023
93 785 1 5.9775146817507165 -18.18842789104635 0.6948710939134689 4.40600555663065 2.228981205022915 1.38285192639924 0.00038783301226019695
93 792 1 15.510231823946429 -24.78576263912766 0.7050464153861505 4.509106836288029 2.1709643997853045 3.3660817726185774 0.0024293646023283433
94 786 4 -61.828320967695866 2.782388722208108 0.9762320564480973 2.022571516657135 0.9100325214011434 0.37068825787008397 -3.133056529608023
94 785 1 -12.242000851608958 -18.09687698730533 0.6948710939134689 4.40600555663065 2.228981205022915 1.38285192639924 0.00038783301226019695
94 792 1 -2.092881167597643 -24.8324799581128 0.506343013016487 4.509106836285669 1.92631354590472 2.1596068948862457 0.0024293646023283433
95 786 4 -60.67068682437275 2.894499397403525 0.9762320564480973 2.022571516657135 0.9100325214011434 0.37068825787008397 -3.133056529608023
95 785 1 -28.784885197821147 -18.374489706932387 0.6948710939134689 4.40600555663065 2.228981205022915 1.38285192639924 0.00038783301226019695
95 792 1 -18.608699122001873 -24.519069330780066 0.506343013016487 4.509106836285669 1.92631354590472 2.1596068948862457 0.0024293646023283433
96 786 4 -59.27570004752199 3.144941162122926 0.9762320564480973 2.022571516657135 0.9100325214011434 0.37068825787008397 -3.133056529608023
96 785 1 -46.88163634419461 -16.976215494760666 0.6948710939134689 4.40600555663065 2.228981205022915 1.38285192639924 0.00038783301226019695
96 792 1 -34.87236280142251 -24.053531706236914 0.9853476839227986 4.509106836285691 1.9263135459047203 1.9560101813873518 0.0024293646023283433
97 786 4 -57.06236207874366 3.3342161593478563 0.9762320564480973 2.022571516657135 0.9100325214011434 0.37068825787008397 -3.133056529608023
97 785 1 -64.41044126484032 -17.895221305919918 -0.09406438242357429 4.40600555663065 2.228981205022915 1.38285192639924 0.00038783301226019695
97 792 1 -51.51211072294223 -24.700013485695788 0.9853476839227986 4.509106836285691 1.9263135459047203 1.9560101813873518 0.0024293646023283433
98 786 4 -55.54205048086946 3.5402927486600597 0.9762320564480973 2.022571516657135 0.9100325214011434 0.37068825787008397 -3.133056529608023
98 785 1 -83.54230680012539 -17.434210365321704 -0.09406438242357429 4.40600555663065 2.228981205022915 1.38285192639924 0.00038783301226019695
98 792 1 -69.4954002132464 -22.849771271870996 1.294646812396168 4.658820595653388 1.9263135459047036 2.574608438334091 0.0024293646023283433
99 786 4 -53.748567332488115 3.6805487364312377 0.9762320564480973 2.022571516657135 0.9100325214011434 0.37068825787008397 -3.133056529608023
99 785 1 -100.97270574803113 -17.810784326114444 -0.11871861605910317 4.40600555663065 2.228981205022915 1.38285192639924 0.00038783301226019695
99 792 1 -85.28093363473779 -22.392410581444462 1.1120176751938096 4.658820595653388 1.9263135459047036 2.574608438334091 0.0024293646023283433
99 1208 1 57.89228624749773 -21.763540189962978 -0.17590242123136912 4.055878284688931 2.042170659989016 2.2818642509781837 -0.008441221800013388
99 1209 1 79.98196473060496 -14.81842760599786 0.5010718812225923 4.044027701537645 2.223005755150001 3.3469907252406736 -0.011524243295055081
