0 1504 2 354400.77020375815 139995.77695965566 1.3535631259743481 6.218815153771117 2.0061192823796894 2.7737987142234912 0.025738979647263793
0 1507 1 354597.21812856005 140031.48280368777 2.120648425880205 3.7176470074760637 1.9142654926208054 0.49999999999954525 0.04949909547901288
1 1504 2 354394.0385466607 139995.23847742123 0.8055953839033662 6.337016444764582 2.0061192823798373 3.869734198365455 0.024972854417263823
2 1507 1 354617.0799230256 140022.69331046395 2.120648425880205 3.7176470074760637 1.9142654926208054 0.49999999999954525 0.044046188879012904
3 1507 1 354626.1328164697 140022.96384430546 -1.4054248081897782 3.8268522426206686 1.9142654926233644 1.7530358060340294 0.03981541869901273
4 1507 1 354635.57901505346 140022.5552622242 2.120648425880205 3.7176470074760637 1.9142654926208054 0.49999999999954525 0.03914472318901274
5 1507 1 354644.6223944617 140022.40862653445 2.120648425880205 3.7176470074760637 1.9142654926208054 0.49999999999954525 0.04010355967901291
6 1507 1 354654.1597334539 140022.24284040325 2.120648425880205 3.7176470074760637 1.9142654926208054 0.49999999999954525 0.041349917989012885
7 1507 1 354663.1857102236 140022.1260148649 -1.6249269946105716 3.7176470074760637 1.9142654926208054 0.49999999999954525 0.04297929384901278
8 1507 1 354681.7643251394 140020.15334573202 2.120648425880205 3.7022993452948936 1.8506626584824353 0.49999999999954525 0.04700640114901278
9 1644 1 354586.76536258747 140020.80263081472 1.0996842308397454 3.72375432071248 2.1041440105386315 0.4999999999956799 -3.1285117908060336
10 1642 4 354688.97581965866 139997.38341200643 0.6519583721369173 2.0142475409231677 1.0134496426640094 0.49999999999852207 -0.10145504876385947
10 1643 4 354696.79780261696 139997.5998094804 0.9482875162763698 1.96312422907976 0.9337892910722823 0.5 -0.11375452638380312
10 1644 1 354596.3798253934 140021.2341363668 1.1319042060042488 3.660863386556672 2.0044636649019125 0.5 3.141050210986733
11 1642 4 354679.1966233113 139999.16024619242 0.6519583721369173 1.6930568929019316 1.0735268774889823 0.49999999999852207 -0.22653711623005113
11 1643 4 354687.710729097 140000.18488358989 0.9482875162763698 1.6220435660797428 1.079080998034442 0.5 -0.13714761094380323
11 1644 1 354605.460828984 140022.23799463658 1.1319042060042488 3.660863386556672 2.0044636649019125 0.5 -3.130821063378709
12 1642 4 354668.9921356902 140000.73785988666 0.6519583721367752 2.009024360230423 1.0102669520278513 0.49999999999823785 -0.09399132567885737
12 1643 4 354677.2510307047 140001.9100095571 0.9482875162763698 2.003458124097973 0.990593837402372 0.5 -0.06855537623104646
12 1644 1 354615.33867519355 140020.5254987742 1.1319042060042488 3.660863386556672 2.0044636649019125 0.5 -3.1308708177557865
13 1642 4 354659.6781235116 140001.86569968011 0.6519583721369173 2.0281225237237424 1.0598706908457933 0.49999999999852207 -0.1502093461834022
13 1643 4 354668.1545344404 140003.63784000144 0.9482875162760855 2.050610778133429 0.8694882851328831 0.49999999999943157 -0.29038329837996857
13 1644 1 354624.52151979355 140021.03178915055 1.1319042060042488 3.660863386556672 2.0044636649019125 0.5 -3.1362279294349413
13 1645 1 354718.47775174095 140000.10735913052 1.213084260325065 3.9822522965165046 2.0531570321242256 0.5 -0.28299807976584734
14 1642 4 354651.73097360897 140002.51178957886 0.6519583721369173 2.0405792690447995 1.1496895372174873 0.49999999999852207 -0.10398061425151339
14 1644 1 354633.8848511837 140020.56030718426 0.20160535927404055 3.946059734482188 2.0529326543154123 0.5 -3.1142677984183154
14 1645 1 354710.57278319134 140003.5141702184 1.232096266120923 3.7314235184529965 1.8583148021687266 0.5 -0.1441792288607262
14 1643 4 354659.2079105115 140004.60141387105 0.28001566866770133 1.9815943600985726 0.9623260521138768 0.5 -0.33976302259870206
15 1642 4 354641.38449640304 140002.25788198374 0.6519583721369173 1.9788809030695083 1.0443037707891556 0.49999999999852207 -0.13041977524806536
15 1644 1 354643.4076880844 140020.88511553855 0.20160535927404055 3.946059734482188 2.0529326543154123 0.5 -3.1208181935831583
15 1645 1 354702.83144606405 140004.77720815962 1.232096266120923 3.7314235184529965 1.8583148021687266 0.5 -0.24380262015987086
15 1643 4 354649.2659760046 140005.4367228164 0.9469945467603651 1.9494323288793594 1.0891453754409512 0.5 -0.14324878418512554
16 1644 1 354652.423613192 140020.66215072369 0.20160535927404055 3.946059734482188 2.0529326543154123 0.5 3.090283901813737
16 1645 1 354694.77730535006 140006.92356619457 1.232096266122202 4.513100513707132 1.8651552326187517 0.500000000002558 -0.17393763838833687
16 1643 4 354637.72785115597 140006.64825892544 0.9469945467603651 1.9494323288793594 1.0891453754409512 0.5 -0.07197775734236944
16 1647 2 354755.9464019977 139984.08655111556 0.5875862480737126 5.033598562513124 2.0267848486519426 0.5 -0.34554736341961045
16 1648 1 354780.92757206835 139969.45589477333 1.680456933343411 4.959149465178349 2.0568721864213018 0.5 -0.4743049232677561
17 1644 1 354662.0902479612 140019.89583856156 0.20160535927404055 3.946059734482188 2.0529326543154123 0.5 3.040187974546097
17 1645 1 354687.61491081817 140008.51554237684 1.232096266120923 4.268999472948563 1.8673117173415372 0.5 -0.20872075308654248
17 1643 4 354630.1456946374 140005.61675234686 0.9469945467603651 1.9494323288793594 1.0891453754409512 0.5 -0.02480947843711334
17 1642 4 354622.9359212578 140002.58262921046 -0.09048953246463398 2.0488675020673215 1.1577192544854757 0.49999999999704414 0.11587199072484466
17 1647 2 354749.9451665338 139986.78547399346 1.3104217700324412 5.0498600376647005 2.000156461055404 0.5 -0.3800608696866117
18 1644 1 354671.50046306854 140019.29372290964 0.20160535927404055 3.946059734482188 2.0529326543154123 0.5 3.0460637001979745
18 1645 1 354679.9383699233 140009.44653811108 0.823312928640533 3.7094856283653526 1.948316616856257 0.5 -0.15647682431490417
18 1647 2 354742.7279104039 139989.70278395904 -0.16784012528202008 5.580882731201415 2.6512105323805293 0.5 -0.3834775022575416
19 1644 1 354680.38070080715 140018.12854832227 0.20160535927404055 3.946059734482188 2.0529326543154123 0.5 3.0232575707979743
19 1645 1 354672.1857817443 140010.4608922093 0.823312928640533 3.7094856283653526 1.948316616856257 0.5 -0.16747647345375816
19 1647 2 354735.9375224449 139992.89544406324 -0.16784012528202008 5.580882731201415 2.6512105323805293 0.5 -0.40628363165754156
19 1648 1 354762.3480554177 139980.82761684587 1.4935208667773097 3.9789792069724754 2.001918626420256 0.5 -0.3882355746205006
20 1644 1 354689.2946232131 140015.99040814835 0.20160535927404055 3.946059734482188 2.0529326543154123 0.5 2.998578137897974
20 1645 1 354663.50935801934 140012.3314606401 0.823312928640533 3.7094856283653526 1.948316616856257 0.5 -0.19215590635375834
20 1647 2 354728.2302038757 139995.90957644692 -0.16784012528202008 5.580882731201415 2.6512105323805293 0.5 -0.43096306455754174
20 1648 1 354755.6080754207 139984.2937503394 1.2667763036219384 3.9017409866913306 2.023442954314305 0.4999999999976126 -0.4646262469765108
21 1644 1 354698.1078806692 140014.01860771814 0.20160535927404055 3.946059734482188 2.0529326543154123 0.5 2.974265751797974
21 1645 1 354655.06891821447 140013.97754348727 0.823312928640533 3.7094856283653526 1.948316616856257 0.5 -0.07127091979910727
21 1647 2 354720.6430318827 139998.9290463559 -0.16784012528202008 5.580882731201415 2.6512105323805293 0.5 -0.33347531539139075
21 1648 1 354751.18497391156 139987.43358606184 1.2667763036219384 3.9017409866913306 2.023442954314305 0.4999999999976126 -0.4275543784931657
22 1644 1 354706.8447182457 140011.9631878271 0.20160535927404055 3.946059734482188 2.0529326543154123 0.5 2.8559742329274522
22 1648 1 354742.49039352353 139990.8441441194 1.2667763036219384 3.9017409866913306 2.023442954314305 0.4999999999976126 -0.391352091761485
22 1649 2 354768.8216904962 139969.22843441312 -1.715186299957784 17.016603766268346 2.5153500247258833 0.49999999999704414 -0.559318091950447
22 1650 1 354766.1457364499 139975.48533883126 1.158675207916399 3.9113454752322596 1.9882606515326506 0.5 -0.5405745541310272
22 1647 2 354713.3382920781 140001.3374560415 1.5122529400045044 5.992814707072554 2.457679072335583 0.5000000000009095 -0.2998093094168435
22 1849 1 354749.5541662353 139983.87523954257 0.02704542972799473 3.9921675342609184 2.016793648867562 0.5 -0.49095117081956907
23 1644 1 354715.265954872 140009.44508401366 0.20160535927404055 3.946059734482188 2.0529326543154123 0.5 2.8511737766668985
23 1649 2 354762.6326544581 139973.1251318676 -1.7151862999578409 17.630174718814576 2.4411325073901673 0.49999999999693046 -0.5408979933596108
23 1650 1 354759.8580350927 139979.41810515802 1.158675207916399 4.508506386118276 2.004283860150097 0.5 -0.6134497232254583
23 1647 2 354706.299927214 140003.31031190362 0.8254006477497065 5.732322983757687 2.550073537839926 0.49999999999874944 -0.2640852754590428
23 1648 1 354736.94813481794 139993.5161070924 1.0341326910399946 3.7764209842616348 1.9002851549904098 0.5 -0.3640496316569821
23 1849 1 354744.56409531983 139986.31228486245 0.9202576941440412 3.8760182700285943 2.0908833929084993 0.5000000000017053 -0.48852701124134623
24 1644 1 354724.0606630196 140007.34363774638 0.20160535927404055 3.946059734482188 2.0529326543154123 0.5 2.7547281022223977
24 1649 2 354754.10600861214 139977.8827226827 -1.715186299957784 15.57937683427287 2.4122905663737004 0.49999999999704414 -0.48776448903295866
24 1650 1 354752.1043451623 139983.56020218643 1.158675207916399 3.927807733719478 2.050727141220629 0.5 -0.5216095201831228
24 1647 2 354700.43181352183 140004.26039304704 0.8254006477497065 5.732322983757687 2.550073537839926 0.49999999999874944 -0.22309928688485825
24 1849 1 354740.73345468636 139988.13775975985 0.9573456796493964 4.059404990448431 2.068078369956915 0.5 -0.42386880890875367
24 1648 1 354729.664394901 139996.58848089815 0.224113550770358 3.7994998808200564 1.9528783506978975 0.5 -0.40336598099266197
25 1644 1 354732.3960879943 140004.0486503826 0.20160535927404055 3.946059734482188 2.0529326543154123 0.5 2.6885991135146527
25 1649 2 354751.38530054165 139979.78561536013 -1.715186299957784 16.718054471022665 2.0538371786780294 0.49999999999704414 -0.44914767239560227
25 1647 2 354690.81838344183 140006.9147197577 0.8254006477497065 5.732322983757687 2.550073537839926 0.49999999999874944 -0.18281517554593063
25 1648 1 354723.5881905727 139998.98027663724 0.8956688617804929 3.8438780720859236 2.043033945970143 0.5 -0.33621193554667306
25 1735 1 354682.53319575626 140017.80555985044 0.1095788556373627 3.799660798248766 1.8548259912772949 0.5 2.985013089498019
25 1650 1 354746.0914846365 139986.92570664614 0.9386069309035463 3.769696397297827 1.8273246800979561 0.5 -0.4524591602503951
25 1849 1 354731.50156968035 139992.46587719023 0.827337241479043 4.013569311477433 2.002804902043577 0.5 -0.39684703887943096
26 1644 1 354740.2753648291 140000.98918649118 0.20160535927404055 3.946059734482188 2.0529326543154123 0.5 2.683833918498813
26 1647 2 354683.1392800342 140008.52327809675 0.8254006477497065 5.732322983757687 2.550073537839926 0.49999999999874944 -0.15384315183984243
26 1648 1 354716.82453099446 140001.11313487508 0.8956688617804929 3.8438780720859236 2.043033945970143 0.5 -0.3283441605289896
26 1735 1 354691.55533034715 140016.3337242894 0.08355408924075647 3.530168595068451 1.9413515290640337 0.5 2.8551855955562875
26 1649 2 354742.68717349326 139983.18334527186 0.7970996554669512 19.00196728390677 3.279510914318383 0.5000000000020464 -0.399738828960724
26 1650 1 354739.6095946474 139990.1163476444 1.0991291523538251 4.523163273672845 2.032670909775149 0.5000000000006253 -0.4586156383774287
27 1644 1 354748.1765835709 139996.80924994583 0.20160535927404055 3.946059734482188 2.0529326543154123 0.5 2.866230851937341
27 1647 2 354674.6858399047 140009.5768392272 0.8254006477497065 5.732322983757687 2.550073537839926 0.49999999999874944 -0.08846424039431855
27 1648 1 354709.6109237139 140002.6932251949 0.8956688617804929 3.8438780720859236 2.043033945970143 0.5 -0.30677410532926985
27 1649 2 354733.6102435658 139987.7780538582 -0.63148583279302 16.672306909338786 2.8553417738362645 0.5000000000063096 -0.3815545517247403
27 1650 1 354732.67767292494 139993.4313175799 -0.41767551340577747 3.8701351552647507 2.087667104612396 0.5 -0.45811265958808445
27 1735 1 354700.76206719584 140013.810653846 0.2350871085423698 3.6263545541834046 1.8914775317072476 0.4999999999997726 2.9443568313084505
27 1849 1 354723.2881682874 139994.8110406001 -1.1802497563652299 4.001546512543186 1.9650017882161563 0.5 -0.34824608125433243
28 1644 1 354756.0496889692 139993.38354547115 0.20160535927404055 3.946059734482188 2.0529326543154123 0.5 2.689052766040211
28 1649 2 354725.2414917806 139991.45889571353 -0.6314858327947253 17.176552051481142 2.5048218225793564 0.500000000002899 -0.3855343416694945
28 1650 1 354725.60695536865 139995.7560035087 -0.41767551340577747 3.8701351552647507 2.087667104612396 0.5 -0.40120596470005543
28 1735 1 354706.9684093508 140011.90278238335 0.2350871085423698 3.6263545541834046 1.8914775317072476 0.4999999999997726 2.9228807763084506
29 1644 1 354763.6058846556 139989.7000392945 0.20160535927404055 3.946059734482188 2.0529326543154123 0.5 2.575791577317067
29 1649 2 354718.06318973674 139992.83212807568 -0.6314858327930768 17.228874344573065 2.6453866526457617 0.5000000000061959 -0.313866212299341
29 1650 1 354719.2602781796 139998.457312284 -0.41767551340577747 3.8701351552647507 2.087667104612396 0.5 -0.3809025726929762
29 1735 1 354718.53517113416 140009.23442026973 0.2350871085423698 3.6263545541834046 1.8914775317072476 0.4999999999997726 2.7069066389058403
29 1648 1 354694.90134896524 140006.3300602189 0.00010208215717000257 4.05044595740992 2.0131156281725424 0.5 -0.1527023153219258
30 1644 1 354771.1584699946 139985.37180752432 0.20160535927404055 3.946059734482188 2.0529326543154123 0.5 2.5556583758170675
30 1649 2 354710.45568698767 139995.35663240936 -0.6314858327950947 15.654964270962987 2.436063271218808 0.50000000000216 -0.2977894221837254
30 1650 1 354711.66718475305 140002.58942678978 -0.41767551340577747 3.8701351552647507 2.087667104612396 0.5 -0.32683055100660163
30 1735 1 354727.293254759 140006.162582208 0.2350871085423698 3.6263545541834046 1.8914775317072476 0.4999999999997726 2.8482090382043754
31 1644 1 354778.17324936646 139981.116691185 0.20160535927404055 3.946059734482188 2.0529326543154123 0.5 2.540417942017067
31 1649 2 354702.5157568524 139999.09679945422 -0.6314858327941568 16.56305428883888 2.450825163940238 0.5000000000040359 -0.26465952347842103
31 1650 1 354705.0305671447 140003.46724043865 -0.41767551340577747 3.8701351552647507 2.087667104612396 0.5 -0.28983168549147864
31 1735 1 354736.0266051856 140002.99571494714 0.2350871085423698 3.6263545541834046 1.8914775317072476 0.4999999999997726 2.730575657890131
32 1644 1 354785.623202515 139976.57898184346 0.20160535927404055 3.946059734482188 2.0529326543154123 0.5 2.5763215314899153
32 1649 2 354693.1144337722 139998.520725455 -0.6314858327941568 17.958798397153018 2.6032918017820172 0.5000000000040359 -0.18531871302786684
32 1650 1 354700.3793814499 140000.29092476243 -0.41767551340577747 3.8701351552647507 2.087667104612396 0.5 -0.23184460366463
32 1735 1 354745.29126023134 140000.38818524856 0.2350871085423698 3.6263545541834046 1.8914775317072476 0.4999999999997726 2.7718700785667183
33 1644 1 354792.446125242 139972.1594090373 0.20160535927404055 3.946059734482188 2.0529326543154123 0.5 2.561682783899471
33 1649 2 354691.5271944994 140000.3294134327 -0.6314858327941568 5.998146882235296 1.878991734207521 0.5000000000040359 -0.16209945561668726
33 1650 1 354692.8626417337 140002.52557266614 -0.41767551340577747 3.8701351552647507 2.087667104612396 0.5 -0.21009247957967192
33 1735 1 354753.08551993436 139997.0754898429 0.2350871085423698 3.6263545541834046 1.8914775317072476 0.4999999999997726 2.700826776449421
34 1644 1 354799.1113843376 139967.84474543406 0.20160535927404055 4.375094858249589 2.0795428107976726 0.5 2.553317077299471
34 1649 2 354682.9187089641 140001.87860179596 -0.6314858327941568 5.998146882235296 1.878991734207521 0.5000000000040359 -0.17046516221668728
34 1735 1 354760.5504050994 139992.01585478554 0.2350871085423698 3.6263545541834046 1.8914775317072476 0.4999999999997726 2.692461069849421
34 1745 2 354845.50299311493 139914.95438345845 -1.9381411173405358 5.239766187667387 2.1900047920587946 0.5 -0.6481676896155437
35 1644 1 354805.8944933959 139963.39317411874 0.20160535927404055 4.2796482257305675 2.0223679203551774 0.5 2.5526109949916345
35 1735 1 354767.9669995569 139987.68967115003 0.2350871085423698 3.6263545541834046 1.8914775317072476 0.4999999999997726 2.683448883949421
35 1745 2 354841.116273712 139917.36045310195 -1.9381411173405358 5.961696589023891 2.537576736300709 0.5 -0.5652508860200336
36 1644 1 354812.8686694688 139958.83516518713 0.20160535927404055 3.946059734482188 2.0529326543154123 0.5 2.575958240286852
36 1735 1 354775.92126233113 139983.53593805744 0.2350871085423698 3.6263545541834046 1.8914775317072476 0.4999999999997726 2.6784603222494208
36 1745 2 354836.95033308736 139921.81855058315 -1.9381411173405358 5.961696589023891 2.537576736300709 0.5 -0.5506715763877943
36 1750 4 354726.59514206735 140017.0410365798 0.026705000766096276 1.9386368650646375 0.9943824615597805 0.5 2.650460798914921
37 1644 1 354819.8722970263 139954.16786596432 0.20160535927404055 3.946059734482188 2.0529326543154123 0.5 2.540125854715541
37 1735 1 354783.24878138176 139979.21258565327 0.2350871085423698 3.6263545541834046 1.8914775317072476 0.4999999999997726 2.5664849877135847
37 1745 2 354832.2335833528 139924.53688002162 -1.9381411173405358 5.961696589023891 2.537576736300709 0.5 -0.5895786013600945
37 1750 4 354734.44416251476 140011.11142359197 0.026705000766096276 1.9386368650646375 0.9943824615597805 0.5 2.6493141445149213
38 1644 1 354826.83115458407 139949.5918987799 0.20160535927404055 3.946059734482188 2.0529326543154123 0.5 2.5437406886566523
38 1735 1 354790.0258485585 139974.03017358296 0.2350871085423698 3.6263545541834046 1.8914775317072476 0.4999999999997726 2.6237357830040233
38 1745 2 354825.9259007537 139927.84812976082 -1.9381411173405358 5.961696589023891 2.537576736300709 0.5 -0.5975988383414413
38 1750 4 354744.13095951895 140006.8326261236 0.026705000766096276 1.9386368650646375 0.9943824615597805 0.5 2.6498897678149214
39 1644 1 354833.78524207184 139945.01934030227 0.20160535927404055 3.946059734482188 2.0529326543154123 0.5 2.5511765561356206
39 1735 1 354796.8985917247 139969.44727409224 0.2350871085423698 3.6263545541834046 1.8914775317072476 0.4999999999997726 2.5511473793267214
39 1745 2 354821.18717377156 139930.97059846605 -1.9381411173405358 5.961696589023891 2.537576736300709 0.5 -0.6062459638057217
39 1750 4 354753.24106494826 140002.17284087682 0.026705000766096276 1.9386368650646375 0.9943824615597805 0.5 2.7036693339473694
40 1644 1 354840.9326424868 139940.41650634777 0.20160535927404055 3.946059734482188 2.0529326543154123 0.5 2.564516045291213
40 1735 1 354804.0334860165 139964.69619245204 0.2350871085423698 3.6263545541834046 1.8914775317072476 0.4999999999997726 2.5564203379267214
40 1745 2 354817.04341906664 139933.95340687496 -1.9381411173405358 8.947955241984339 2.6507567865961255 0.5 -0.6009730052057222
40 1750 4 354762.6907580579 139997.2343310617 0.026705000766096276 1.9386368650646375 0.9943824615597805 0.5 2.6678936485665994
41 1644 1 354847.6932146673 139936.08522996993 0.20160535927404055 3.946059734482188 2.0529326543154123 0.5 2.543101944858911
41 1735 1 354810.88785999885 139960.16354370955 0.2350871085423698 3.6263545541834046 1.8914775317072476 0.4999999999997726 2.5609263570267213
41 1745 2 354810.388715022 139938.62331799642 -1.9381411173405358 5.961696589023891 2.537576736300709 0.5 -0.6060360720133328
41 1750 4 354771.90776258905 139992.41202766364 0.026705000766096276 1.9386368650646375 0.9943824615597805 0.5 2.3208419694358
42 1644 1 354854.9182375523 139931.57386141887 0.20160535927404055 3.946059734482188 2.0529326543154123 0.5 2.5895115702586775
42 1735 1 354817.78754570335 139955.5582626056 0.2350871085423698 3.6263545541834046 1.8914775317072476 0.4999999999997726 2.5423216113332066
42 1745 2 354805.10002046963 139942.24503374982 -1.9381411173405358 5.961696589023891 2.537576736300709 0.5 -0.6158566048091763
42 1750 4 354781.4846262707 139986.28980648125 0.026705000766096276 1.9386368650646375 0.9943824615597805 0.5 2.569284238883644
43 1644 1 354862.0443287693 139927.5947882632 0.20160535927404055 3.946059734482188 2.0529326543154123 0.5 2.6608091037459776
43 1735 1 354824.607176506 139951.02183096897 0.2350871085423698 3.6263545541834046 1.8914775317072476 0.4999999999997726 2.5443304754332066
43 1745 2 354800.7256298021 139945.3388528646 -1.9381411173405358 5.961696589023891 2.537576736300709 0.5 -0.6138477407091762
43 1750 4 354790.36733061227 139979.98506487344 0.026705000766096276 1.9386368650646375 0.9943824615597805 0.5 2.5712931029836446
44 1644 1 354869.0505661088 139923.70398907008 0.20160535927404055 3.946059734482188 2.0529326543154123 0.5 2.6781470601193664
44 1735 1 354831.3248249463 139946.6137574629 0.2350871085423698 3.6263545541834046 1.8914775317072476 0.4999999999997726 2.5782978944135118
44 1745 2 354795.1140820378 139948.59246977995 -1.9381411173405358 5.961696589023891 2.537576736300709 0.5 -0.6541451534626558
44 1750 4 354798.76014604117 139974.93714186488 0.026705000766096276 1.9386368650646375 0.9943824615597805 0.5 2.5368823125139532
45 1644 1 354875.8159819334 139920.11121499 0.20160535927404055 3.946059734482188 2.0529326543154123 0.5 2.752820516872554
45 1735 1 354838.2427185405 139942.4346800692 0.2350871085423698 3.6263545541834046 1.8914775317072476 0.4999999999997726 2.5417444899609243
45 1745 2 354791.24756965094 139951.22227982685 -1.9381411173405358 5.961696589023891 2.537576736300709 0.5 -0.648254206011546
45 1750 4 354808.6036082942 139970.03747180157 0.026705000766096276 1.9386368650646375 0.9943824615597805 0.5 2.538122130713953
46 1644 1 354883.0099789059 139916.76735662072 0.20160535927404055 3.946059734482188 2.0529326543154123 0.5 2.754263306772554
46 1735 1 354844.96199654543 139938.1172558126 0.2350871085423698 3.6263545541834046 1.8914775317072476 0.4999999999997726 2.5757339224790465
46 1745 2 354786.1083532328 139954.697041864 -1.9381411173405358 5.961696589023891 2.537576736300709 0.5 -0.6171744544285162
46 1750 4 354818.188250526 139964.4597367448 0.026705000766096276 1.9386368650646375 0.9943824615597805 0.5 2.539564920613953
47 1644 1 354889.4874307058 139913.52222644287 0.20160535927404055 3.946059734482188 2.0529326543154123 0.5 2.655743895454614
47 1735 1 354851.56128972373 139934.1498315896 0.2350871085423698 3.6263545541834046 1.8914775317072476 0.4999999999997726 2.5773660307790465
47 1745 2 354780.72154221043 139958.32656417257 -1.9381411173405358 5.961696589023891 2.537576736300709 0.5 -0.4813621788651461
47 1750 4 354826.8164081543 139959.27457839152 0.026705000766096276 1.9386368650646375 0.9943824615597805 0.5 2.541197028913953
47 1768 1 354762.73556248733 139998.23061360244 1.277235817423616 3.9881558839699305 1.9613478238024555 0.5 2.5405699222954508
48 1644 1 354896.07835721073 139910.23145046917 0.20160535927404055 3.946059734482188 2.0529326543154123 0.5 2.715361668113807
48 1735 1 354857.98787879676 139930.26135493492 0.2350871085423698 3.6263545541834046 1.8914775317072476 0.4999999999997726 2.5813929470790464
48 1745 2 354776.43350098276 139961.71729033353 -1.9381411173405358 5.961696589023891 2.537576736300709 0.5 -0.5906226996985013
48 1750 4 354835.2023621373 139954.6061695509 0.026705000766096276 1.9386368650646375 0.9943824615597805 0.5 2.6693638397425232
49 1644 1 354902.37450769014 139907.88615533832 0.20160535927404055 3.946059734482188 2.0529326543154123 0.5 2.8811754905203903
49 1735 1 354864.06900531176 139926.6164967613 0.2350871085423698 3.6263545541834046 1.8914775317072476 0.4999999999997726 2.6322274777747
49 1745 2 354771.82150370284 139964.44474839303 -1.9381411173405358 5.961696589023891 2.537576736300709 0.5 -0.6302436640760477
49 1750 4 354843.48740060744 139949.69132559196 0.026705000766096276 1.9386368650646375 0.9943824615597805 0.5 2.72300355788527
49 1768 1 354777.28549722186 139990.2350697733 1.2416653921058263 3.9913375548080143 1.982110107175771 0.5 2.5878263037897935
50 1644 1 354908.97714779427 139905.3579636402 0.20160535927404055 3.946059734482188 2.0529326543154123 0.5 2.782724018476395
50 1735 1 354869.9722900517 139923.37044210022 0.2350871085423698 3.6263545541834046 1.8914775317072476 0.4999999999997726 2.6398974354747
50 1745 2 354767.20687561366 139967.22383481482 -1.9381411173405358 5.961696589023891 2.537576736300709 0.5 -0.5342989612687101
50 1750 4 354851.54177222116 139945.2915526383 0.026705000766096276 1.9386368650646375 0.9943824615597805 0.5 2.947669816395552
50 1768 1 354784.42022002593 139985.8671304309 1.209734439546251 3.82590702578953 1.90563077852633 0.5 2.594155932494053
51 1644 1 354914.83167861897 139903.4935329496 0.20160535927404055 3.946059734482188 2.0529326543154123 0.5 2.809494795341084
51 1735 1 354876.8603596631 139919.57183442023 0.2350871085423698 3.6263545541834046 1.8914775317072476 0.4999999999997726 2.6492933910747
51 1745 2 354760.84680822206 139970.03887682044 -1.9381411173405358 5.961696589023891 2.537576736300709 0.5 -0.3656474760438839
51 1750 4 354860.1045150399 139940.7607154814 0.026705000766096276 1.9386368650646375 0.9943824615597805 0.5 2.754945837846058
51 1764 2 354960.41753208154 139896.3187305922 -0.14864409906297382 6.045625862742908 2.2318388108850087 0.5 2.990694613099233
51 1765 1 354965.4789268662 139899.40585879295 -0.3521624535875816 3.7014847994948887 2.0688340010697033 0.5 3.0018082370284347
51 1768 1 354791.8816747294 139981.1903250006 1.2022744527341445 4.054217427381326 1.9635045762053807 0.5 2.5420977984758397
52 1644 1 354920.36789476767 139901.57466573585 0.20160535927404055 3.946059734482188 2.0529326543154123 0.5 2.863989992039432
52 1735 1 354883.24104788364 139916.2386679427 0.2350871085423698 3.6263545541834046 1.8914775317072476 0.4999999999997726 2.6617572817747
52 1750 4 354867.578783562 139936.80327174283 0.026705000766096276 1.9386368650646375 0.9943824615597805 0.5 2.657183891397998
52 1764 2 354960.6069068667 139896.44149139262 -0.14864409906297382 6.045625862742908 2.2318388108850087 0.5 3.0267390379014207
52 1765 1 354965.58738891897 139899.6681747274 -0.3521624535875816 3.7014847994948887 2.0688340010697033 0.5 3.004811592836571
52 1768 1 354798.51140063675 139976.85763343182 1.1575695825201713 3.955675638471916 1.876306138255373 0.5 2.5722176414804245
53 1644 1 354925.3236069892 139899.90234941797 0.20160535927404055 3.946059734482188 2.0529326543154123 0.5 2.7545607321920738
53 1735 1 354889.70801095746 139913.16818282165 0.2350871085423698 3.6263545541834046 1.8914775317072476 0.4999999999997726 2.6792983468747
53 1764 2 354960.8635281696 139896.72802973396 -0.14864409906297382 6.045625862742908 2.2318388108850087 0.5 3.0261002879284424
53 1765 1 354965.94297402684 139899.757956399 -0.3521624535875816 3.7014847994948887 2.0688340010697033 0.5 3.011296690502556
53 1768 1 354805.72486972995 139972.27279740773 1.1575695825201713 3.955675638471916 1.876306138255373 0.5 2.5897587065804246
53 1750 4 354875.3895171431 139932.61426195822 -3.035383103437347 2.0513975563080717 1.1118854288391944 0.5 2.53404293502342
54 1644 1 354930.09051622404 139898.2838140329 0.20160535927404055 3.946059734482188 2.0529326543154123 0.5 2.7726806433920737
54 1735 1 354896.1455785059 139910.3452361212 0.2350871085423698 3.6263545541834046 1.8914775317072476 0.4999999999997726 2.6974182580747
54 1764 2 354960.6456148652 139896.70247967815 -0.14864409906297382 6.045625862742908 2.2318388108850087 0.5 3.06344859822815
54 1765 1 354965.6286682644 139899.46585559967 -0.3521624535875816 3.7014847994948887 2.0688340010697033 0.5 2.8422602379420705
54 1768 1 354812.22271768894 139967.33939666307 1.1575695825201713 3.955675638471916 1.876306138255373 0.5 2.607878617780425
54 1750 4 354881.6760815126 139929.3360939574 0.873956476198547 1.9951443709764316 1.0410340217118668 0.5 2.66752608053724
55 1644 1 354934.52785519254 139897.48539757403 0.20160535927404055 3.946059734482188 2.0529326543154123 0.5 2.8864154750908066
55 1735 1 354902.52758624975 139907.6512742418 0.2350871085423698 3.6263545541834046 1.8914775317072476 0.4999999999997726 2.787522728769462
55 1764 2 354960.37957561394 139896.48478467343 -0.14864409906297382 6.045625862742908 2.2318388108850087 0.5 3.0404227929847147
55 1765 1 354965.50634939794 139899.5078709573 -0.3521624535875816 3.7014847994948887 2.0688340010697033 0.5 2.9843591657439035
55 1768 1 354818.93438484584 139963.24804215293 1.1575695825201713 3.955675638471916 1.876306138255373 0.5 2.626387076880425
55 1750 4 354888.5804199793 139925.89144620844 0.7019975099101465 1.9140216599834388 1.112487011429459 0.5 2.592665699845228
56 1644 1 354938.8850632969 139896.82761035612 0.20160535927404055 3.946059734482188 2.0529326543154123 0.5 2.9318292360445644
56 1735 1 354908.6775804351 139905.29812494866 0.2350871085423698 3.6263545541834046 1.8914775317072476 0.4999999999997726 2.808902656769462
56 1764 2 354960.670648667 139896.3846361402 -0.14864409906297382 6.045625862742908 2.2318388108850087 0.5 3.0625944065553137
56 1765 1 354965.7644470249 139899.76284054157 -0.3521624535875816 3.7014847994948887 2.0688340010697033 0.5 3.0057390937439035
56 1768 1 354825.4861293023 139959.84839185077 1.1575695825201713 3.955675638471916 1.876306138255373 0.5 2.5412850656484354
56 1750 4 354894.7354329165 139922.73481787974 0.6016701132861009 2.0367536473357513 1.0118493816598164 0.5 2.681480505856159
57 1644 1 354942.0402876879 139895.46652911967 0.20160535927404055 3.946059734482188 2.0529326543154123 0.5 2.78601271629704
57 1735 1 354914.97852747946 139903.07552511134 0.2350871085423698 3.6263545541834046 1.8914775317072476 0.4999999999997726 2.8414757606265617
57 1764 2 354960.77945586835 139896.49412930995 -0.14864409906297382 6.045625862742908 2.2318388108850087 0.5 3.001893954489801
57 1765 1 354965.8333453091 139899.9259486623 -0.3521624535875816 3.7014847994948887 2.0688340010697033 0.5 3.0275983218439038
57 1768 1 354831.101881837 139955.44232053665 1.1575695825201713 3.955675638471916 1.876306138255373 0.5 2.5013700500934277
57 1750 4 354901.01956036146 139919.99357444557 0.6093131183529579 2.299483662815151 0.9520218388485429 0.5 2.763381882125047
58 1644 1 354945.88025989465 139894.71332552822 0.20160535927404055 3.946059734482188 2.0529326543154123 0.5 2.9790404691540315
58 1735 1 354920.3662184315 139901.37329228225 0.2350871085423698 3.6263545541834046 1.8914775317072476 0.4999999999997726 2.843825655114401
58 1764 2 354960.426313324 139896.41599303097 -0.14864409906297382 6.045625862742908 2.2318388108850087 0.5 2.9712433973390087
58 1765 1 354965.59091384144 139899.99661638925 -0.3521624535875816 3.7014847994948887 2.0688340010697033 0.5 3.0021606562035226
58 1768 1 354837.0936074985 139951.46678789012 1.1575695825201713 3.955675638471916 1.876306138255373 0.5 2.5216445253598576
58 1750 4 354907.2872306009 139917.4527455256 0.6093131183529579 2.007538921164299 0.9346806068147744 0.5 2.783994586125047
59 1644 1 354949.3621389602 139894.46309583948 0.20160535927404055 3.946059734482188 2.0529326543154123 0.5 2.962276815807155
59 1735 1 354926.08436720836 139899.66700920428 0.2350871085423698 3.6263545541834046 1.8914775317072476 0.4999999999997726 2.847551177185359
59 1764 2 354960.5663463311 139896.6676010282 -0.14864409906297382 6.045625862742908 2.2318388108850087 0.5 3.007381509683528
59 1765 1 354965.54821760475 139900.02034085398 -0.3521624535875816 3.7014847994948887 2.0688340010697033 0.5 2.988007174203476
59 1768 1 354842.81182438886 139947.807739465 1.1575695825201713 3.955675638471916 1.876306138255373 0.5 2.578935356358156
59 1750 4 354913.56166153913 139915.13232444468 0.6093131183529579 2.007538921164299 0.9346806068147744 0.5 2.6798698603930156
60 1644 1 354952.5068967392 139893.90580727003 0.20160535927404055 3.946059734482188 2.0529326543154123 0.5 3.041788997360362
60 1735 1 354931.07728116575 139898.72068823883 0.2350871085423698 3.6263545541834046 1.8914775317072476 0.4999999999997726 2.8906926466266776
60 1764 2 354960.6328555743 139896.5044581941 -0.14864409906297382 6.045625862742908 2.2318388108850087 0.5 2.9845086240852297
60 1765 1 354965.7750725996 139899.8922962829 -0.3521624535875816 3.7014847994948887 2.0688340010697033 0.5 3.002675328203476
60 1768 1 354848.7183466836 139944.48587594568 1.1575695825201713 3.955675638471916 1.876306138255373 0.5 2.593603510358156
60 1750 4 354919.3273311332 139913.24086841405 0.6093131183529579 2.007538921164299 0.9346806068147744 0.5 2.6945380143930158
61 1644 1 354955.69467360136 139893.61360167657 0.20160535927404055 3.946059734482188 2.0529326543154123 0.5 2.9495709877827156
61 1735 1 354935.23840369587 139897.7155525328 0.2350871085423698 3.6263545541834046 1.8914775317072476 0.4999999999997726 2.9054194752266778
61 1764 2 354966.52096906456 139896.2722186305 -0.14864409906274645 17.196387754491884 2.289612863845555 0.5000000000004547 3.0310974422117716
61 1765 1 354966.05686373706 139900.20849313049 -0.3521624535875816 3.7014847994948887 2.0688340010697033 0.5 2.933356886780782
61 1768 1 354854.21680899255 139941.19660358693 1.1575695825201713 3.955675638471916 1.876306138255373 0.5 2.547781954763471
61 1750 4 354924.91473041376 139911.66501785952 0.6093131183529579 2.007538921164299 0.9346806068147744 0.5 2.7741088705462227
62 1644 1 354958.26120892476 139893.09700551358 0.20160535927404055 3.946059734482188 2.0529326543154123 0.5 3.0095650248761197
62 1735 1 354939.112220295 139896.81599866133 0.2350871085423698 3.6263545541834046 1.8914775317072476 0.4999999999997726 2.9169618570266778
62 1764 2 354965.65221399016 139896.2530960297 -0.14864409906297382 15.551767227922726 2.4173469818551245 0.5 2.9821070758145427
62 1765 1 354966.05719897663 139900.21842543228 -0.3521624535875816 3.7014847994948887 2.0688340010697033 0.5 3.020430978593037
62 1768 1 354859.30560328346 139938.02284697417 1.1575695825201713 3.955675638471916 1.876306138255373 0.5 2.6739661881523697
62 1750 4 354930.1489001925 139910.24275071963 0.6093131183529579 2.007538921164299 0.9346806068147744 0.5 2.7856512523462227
63 1644 1 354960.6896698232 139892.9304520742 0.20160535927404055 3.946059734482188 2.0529326543154123 0.5 2.96325453185672
63 1735 1 354942.85490763525 139895.96858939595 0.2350871085423698 3.6263545541834046 1.8914775317072476 0.4999999999997726 2.835906282821195
63 1764 2 354966.31508566305 139896.44342628692 -0.14864409906297382 17.069251462824084 1.8570057932584372 0.5 3.025269363643262
63 1765 1 354965.7846522189 139900.081828958 -0.3521624535875816 3.7014847994948887 2.0688340010697033 0.5 3.0120877000474273
63 1768 1 354864.55150608445 139934.87118082834 1.1575695825201713 3.955675638471916 1.876306138255373 0.5 2.6865257880523696
63 1750 4 354935.26139668707 139908.89995257166 0.6093131183529579 2.007538921164299 0.9346806068147744 0.5 2.7982108522462226
64 1644 1 354962.805215589 139892.8646010984 0.20160535927404055 3.946059734482188 2.0529326543154123 0.5 2.960741549794777
64 1735 1 354946.347785435 139895.10333236822 0.2350871085423698 3.6263545541834046 1.8914775317072476 0.4999999999997726 2.968610037716937
64 1764 2 354965.7258801114 139896.45122369495 -0.14864409906297382 16.212950678967072 2.29417217056075 0.5 3.011067252364189
64 1765 1 354965.5993112831 139900.19274517286 -0.3521624535875816 3.7014847994948887 2.0688340010697033 0.5 2.949247650149265
64 1768 1 354869.9499481522 139931.88072765054 1.1575695825201713 3.955675638471916 1.876306138255373 0.5 2.69803057935237
64 1750 4 354940.332365335 139907.88525726294 0.6093131183529579 2.007538921164299 0.9346806068147744 0.5 2.8003301195799697
65 1644 1 354964.7688389751 139892.66898289285 0.20160535927404055 3.946059734482188 2.0529326543154123 0.5 2.979223661893148
65 1735 1 354949.1836323576 139894.5781410618 0.2350871085423698 3.6263545541834046 1.8914775317072476 0.4999999999997726 2.9846217736169374
65 1764 2 354966.0824040295 139897.6320744893 -0.14864409906297382 16.38875626368016 2.3213198228844596 0.5 3.067717705340628
65 1765 1 354965.7209765263 139900.02773707634 -0.3521624535875816 3.7014847994948887 2.0688340010697033 0.5 3.0435840948580686
65 1768 1 354874.8466836615 139929.2950831619 1.1575695825212513 3.980283371776329 1.7458536881167672 0.50000000000216 2.738381365028536
65 1750 4 354944.94216343807 139907.0203947479 0.6093131183529579 2.007538921164299 0.9346806068147744 0.5 2.754004440748621
66 1644 1 354965.9673394614 139892.23441154926 0.20160535927404055 3.946059734482188 2.0529326543154123 0.5 3.0365209452499338
66 1735 1 354951.870955447 139894.2765458682 0.2350871085423698 3.6263545541834046 1.8914775317072476 0.4999999999997726 3.0461793186111605
66 1764 2 354965.99535138416 139896.67855138367 -0.14864409906388332 16.65875192581449 2.090809410753991 0.499999999998181 3.040252412022298
66 1765 1 354965.68280815263 139900.47650223554 -0.3521624535875816 3.7014847994948887 2.0688340010697033 0.5 2.9960408950330097
66 1768 1 354880.14304882515 139926.14583247906 1.1575695825174428 3.4826499708360528 1.6252218621604093 0.49999999999454303 2.7602359892285353
66 1750 4 354949.2775810084 139906.3305379329 0.6093131183529579 2.007538921164299 0.9346806068147744 0.5 2.7758590649486212
67 1644 1 354967.7264777043 139892.09615307953 0.20160535927404055 3.946059734482188 2.0529326543154123 0.5 2.947154570018821
67 1735 1 354954.2297834606 139893.97867031078 0.2350871085423698 3.6263545541834046 1.8914775317072476 0.4999999999997726 2.959420546074071
67 1764 2 354966.3113043688 139896.18748506077 -0.1486440990628033 17.360562782825017 2.469868480511529 0.5000000000003411 2.9721418357090448
67 1765 1 354965.7836216537 139900.43586110405 -0.3521624535875816 3.7014847994948887 2.0688340010697033 0.5 3.012188387983094
67 1768 1 354885.11752162693 139924.11656559783 1.1575695825202281 3.4722802814900446 1.416507583172795 0.5000000000001137 2.673883547216742
67 1750 4 354953.521746337 139905.68932839925 0.6093131183529579 2.007538921164299 0.9346806068147744 0.5 2.9718423198979678
68 1644 1 354968.8168620607 139892.29220064628 0.20160535927404055 3.946059734482188 2.0529326543154123 0.5 3.011261019226062
68 1735 1 354956.2721529777 139893.5909037335 0.2350871085423698 3.6263545541834046 1.8914775317072476 0.4999999999997726 3.034301664770595
68 1764 2 354966.15884332237 139896.55365072182 -0.14864409906297382 16.976119676722835 2.8586490204102852 0.5 2.983174929114096
68 1765 1 354965.74885924766 139900.57786163304 -0.3521624535875816 3.7014847994948887 2.0688340010697033 0.5 2.984739697899247
68 1768 1 354890.2427778455 139921.7705391371 1.1575695825196028 3.3643432704640164 1.4816476480730805 0.49999999999886313 2.6915818688167423
68 1750 4 354957.1620368133 139905.3362278957 0.6093131183529579 2.007538921164299 0.9346806068147744 0.5 2.8104354582486213
69 1644 1 354969.43676341383 139891.36944908983 0.20160535927404055 3.946059734482188 2.0529326543154123 0.5 3.0721501021951045
69 1735 1 354958.01544658217 139893.43547513662 0.2350871085423698 3.6263545541834046 1.8914775317072476 0.4999999999997726 3.0265177999337354
69 1764 2 354966.45430147275 139896.6206041199 -0.14864409906183695 17.60684913323478 2.35361217048547 0.5000000000022737 3.0353117694253084
69 1765 1 354966.02046616224 139900.9682985754 -0.3521624535875816 3.7014847994948887 2.0688340010697033 0.5 3.05667706137039
69 1768 1 354894.677809908 139919.71155753956 1.1575695825201713 3.6140264660764445 1.5516322907934283 0.5 2.7550356065123003
69 1750 4 354960.4399242146 139905.06724472373 0.6093131183529579 2.007538921164299 0.9346806068147744 0.5 2.8215607512486214
70 1644 1 354969.83258017944 139892.36844987795 0.20160535927404055 3.946059734482188 2.0529326543154123 0.5 3.059165350033485
70 1735 1 354959.2240912512 139893.34667505603 0.2350871085423698 3.6263545541834046 1.8914775317072476 0.4999999999997726 3.035467704733735
70 1764 2 354966.0736375813 139896.57668904203 -0.14864409906297382 17.113619851955136 2.751633150632896 0.5 3.022105796718197
70 1765 1 354965.7031044064 139900.71487575307 -0.3521624535875816 3.7014847994948887 2.0688340010697033 0.5 3.06562696617039
70 1768 1 354899.1348541199 139917.879028404 1.1575695825201713 3.955675638471916 1.876306138255373 0.5 2.7639855113123
70 1750 4 354963.62586755847 139904.54277284816 0.6093131183529579 2.007538921164299 0.9346806068147744 0.5 2.830510656048621
71 1644 1 354970.9266399714 139892.21428907738 0.20160535927404055 3.946059734482188 2.0529326543154123 0.5 3.068561010333485
71 1735 1 354960.3843635071 139893.23920459085 0.2350871085423698 3.6263545541834046 1.8914775317072476 0.4999999999997726 3.013315579052654
71 1764 2 354966.4359665358 139896.5764897181 -0.14864409906297382 17.778360823972076 2.780155671576803 0.5 3.0103102265643438
71 1765 1 354965.8784953824 139900.7950599875 -0.3521624535875816 3.7014847994948887 2.0688340010697033 0.5 3.0099804025071335
71 1768 1 354903.3822049705 139916.10318547825 1.1575695825201713 3.9556756384719027 1.7467484142844183 0.5 2.817042726364524
71 1750 4 354966.21196267405 139904.3489845624 0.6093131183529579 2.007538921164299 0.9346806068147744 0.5 2.9364952944043283
72 1735 1 354961.1834325089 139893.15918785363 0.2350871085423698 3.6263545541834046 1.8914775317072476 0.4999999999997726 3.021081164852654
72 1764 2 354966.6695114615 139897.12120316256 -0.1486440990630875 18.12304852894443 2.620245619257018 0.4999999999997726 3.055710357776565
72 1765 1 354965.7629187866 139900.73852470808 -0.3521624535875816 3.7014847994948887 2.0688340010697033 0.5 3.003528936777645
72 1768 1 354907.6570164847 139914.57516833712 1.1575695825201713 3.9556756384719223 1.643856414885352 0.5 2.802945160044464
72 1750 4 354968.05751474475 139904.1462538696 0.6093131183529579 2.007538921164299 0.9346806068147744 0.5 2.9442608802043284
73 1735 1 354961.8061923386 139893.11534385986 0.2350871085423698 3.6263545541834046 1.8914775317072476 0.4999999999997726 3.027984084652654
73 1764 2 354966.7882090643 139897.07008855513 -0.14864409906297382 18.406096155075527 3.1012770866778956 0.5 3.0318591829233057
73 1765 1 354965.80926904187 139900.87283299406 -0.3521624535875816 3.7014847994948887 2.0688340010697033 0.5 3.010431856577645
73 1768 1 354911.4639332657 139913.17570081327 1.1575695825201713 3.9556756384719223 1.643856414885352 0.5 2.8098480798444645
73 1750 4 354969.9285206624 139904.03814044085 0.6093131183529579 2.007538921164299 0.9346806068147744 0.5 3.030685152891885
74 1735 1 354962.2677780895 139893.076273802 0.2350871085423698 3.6263545541834046 1.8914775317072476 0.4999999999997726 3.0065102635780554
74 1764 2 354966.3574693146 139896.8724304132 -0.14864409906297382 17.57871017215981 2.882088082345393 0.5 3.0284087586752917
74 1765 1 354965.79018113465 139900.8321461048 -0.3521624535875816 3.7014847994948887 2.0688340010697033 0.5 3.015618383877645
74 1768 1 354915.2653494399 139911.7081915534 1.1575695825201713 3.954081219734699 1.894900494840006 0.5 2.8150346071444643
74 1750 4 354971.8061907449 139903.80512615963 0.6093131183529579 2.007538921164299 0.9346806068147744 0.5 3.0358716801918852
75 1735 1 354962.4308949888 139892.994862086 0.2350871085423698 3.6263545541834046 1.8914775317072476 0.4999999999997726 2.9408899769230317
75 1764 2 354966.41179125494 139896.84440572886 -0.14864409906206433 17.972813406374677 2.6243600333958375 0.500000000001819 2.999568428849734
75 1765 1 354965.7198986221 139900.8676502488 -0.3521624535875816 3.7014847994948887 2.0688340010697033 0.5 3.021560274177645
75 1768 1 354918.59694969206 139910.87239309907 1.1575695825201713 3.954081219734699 1.894900494840006 0.5 2.735505321239695
75 1750 4 354973.4799309983 139903.60295834485 0.6093131183529579 2.007538921164299 0.9346806068147744 0.5 3.041813570491885
76 1735 1 354962.42373395764 139892.9325354315 0.2350871085423698 3.6263545541834046 1.8914775317072476 0.4999999999997726 2.9103530268235236
76 1764 2 354966.8051555963 139897.24204611868 -0.1486440990626896 18.3663101771759 2.516629244570492 0.5000000000005684 3.0517198410567064
76 1765 1 354965.61953403003 139900.91430551716 -0.3521624535875816 3.7014847994948887 2.0688340010697033 0.5 3.025492425077645
76 1768 1 354921.8514164667 139909.80233735644 1.1575695825201713 3.954081219734699 1.894900494840006 0.5 2.7125381323135924
76 1750 4 354974.66085022327 139903.51078104242 0.6093131183529579 2.007538921164299 0.9346806068147744 0.5 3.045745721391885
77 1735 1 354962.544640695 139893.08767250567 0.2350871085423698 3.6263545541834046 1.8914775317072476 0.4999999999997726 2.9136038827235238
77 1764 2 354966.87921089336 139897.10938836518 -0.14864409906274645 18.56634384788102 3.0577183944582504 0.5000000000004547 3.0329962126600445
77 1765 1 354965.56662473566 139900.93750814284 -0.3521624535875816 3.7014847994948887 2.0688340010697033 0.5 3.028743280977645
77 1768 1 354924.6840110385 139908.93628844607 1.1575695825201713 3.954081219734699 1.894900494840006 0.5 2.715788988213592
77 1750 4 354975.9081491692 139903.47984223408 0.6093131183529579 2.007538921164299 0.9346806068147744 0.5 3.0064470651676496
